// The next line is the dfg name
random4_4type_invdelay
// The next lines are FU parameters given as:
// <FU type>  <resource constraint>  <# of FUs used>  <FU delay>
ADD 6 6 1
MUL 7 7 3
DIV 7 7 5
SQRT 7 7 6
actual latency 93
0 1 1
1 2 20
2 30 2
3 18 4
4 8 0
5 8 15
6 8 7
7 18 5
8 8 1
9 73 0
10 19 2
11 11 0
12 9 8
13 9 1
14 9 20
15 20 3
16 15 8
17 37 1
18 37 2
19 37 3
20 37 4
21 10 5
22 37 5
23 10 0
24 18 10
25 12 2
26 10 2
27 13 6
28 10 4
29 13 17
30 26 9
31 13 14
32 38 1
33 11 7
34 38 2
35 11 3
36 38 3
37 34 6
38 14 9
39 34 18
40 34 19
41 33 3
42 25 1
43 16 1
44 42 22
45 13 25
46 38 4
47 38 5
48 39 1
49 18 23
50 15 21
51 35 7
52 37 13
53 25 3
54 21 1
55 39 2
56 39 3
57 42 23
58 22 3
59 28 15
60 35 9
61 36 8
62 35 0
63 17 0
64 12 8
65 33 21
66 19 5
67 39 4
68 42 24
69 31 6
70 28 16
71 39 5
72 36 10
73 38 14
74 36 11
75 40 1
76 14 18
77 43 25
78 11 1
79 40 2
80 36 12
81 40 3
82 37 6
83 40 4
84 14 19
85 13 16
86 40 5
87 38 15
88 41 1
89 15 5
90 41 2
91 41 3
92 41 4
93 15 4
94 41 5
95 42 1
96 15 20
97 21 2
98 42 2
99 42 3
100 38 7
101 12 3
102 42 4
103 16 3
104 30 5
105 38 9
106 38 16
107 16 5
108 12 0
109 42 5
110 28 17
111 30 24
112 39 8
113 18 11
114 25 0
115 29 1
116 18 15
117 38 17
118 43 1
119 30 1
120 23 2
121 43 26
122 24 23
123 39 18
124 17 3
125 43 2
126 43 3
127 13 5
128 39 10
129 43 4
130 16 4
131 43 5
132 21 20
133 39 19
134 39 11
135 44 1
136 39 12
137 44 2
138 44 3
139 44 4
140 44 5
141 33 15
142 21 11
143 40 6
144 45 1
145 45 2
146 45 20
147 45 3
148 45 4
149 42 13
150 22 2
151 35 5
152 24 11
153 45 5
154 46 1
155 43 14
156 41 7
157 46 2
158 46 3
159 19 1
160 46 4
161 46 5
162 23 17
163 47 1
164 29 4
165 41 9
166 19 3
167 27 13
168 47 2
169 47 3
170 47 4
171 42 8
172 47 5
173 48 1
174 48 2
175 48 3
176 32 13
177 42 10
178 48 4
179 27 0
180 48 5
181 42 11
182 49 1
183 34 4
184 36 1
185 45 21
186 42 12
187 33 0
188 34 3
189 49 2
190 20 2
191 34 2
192 43 6
193 43 15
194 49 3
195 49 4
196 44 7
197 24 3
198 49 5
199 50 1
200 50 2
201 50 3
202 44 9
203 50 4
204 45 8
205 50 5
206 51 1
207 51 2
208 43 16
209 45 10
210 43 17
211 51 3
212 31 0
213 51 4
214 51 5
215 52 1
216 52 2
217 52 3
218 52 4
219 52 5
220 53 1
221 53 2
222 45 11
223 26 2
224 26 3
225 53 3
226 45 12
227 46 6
228 47 7
229 20 9
230 53 4
231 44 18
232 30 11
233 53 5
234 54 1
235 47 9
236 48 8
237 54 2
238 48 10
239 48 11
240 37 25
241 54 3
242 48 22
243 54 4
244 54 5
245 55 1
246 55 2
247 44 19
248 55 3
249 55 4
250 28 1
251 28 4
252 28 0
253 55 5
254 56 1
255 56 2
256 18 14
257 23 15
258 48 12
259 56 3
260 49 6
261 50 7
262 56 4
263 48 23
264 56 5
265 50 9
266 57 1
267 57 2
268 26 4
269 57 3
270 47 13
271 57 4
272 57 5
273 51 8
274 48 14
275 58 1
276 58 2
277 48 24
278 58 3
279 58 4
280 51 10
281 24 2
282 48 15
283 49 25
284 58 5
285 59 1
286 51 11
287 59 2
288 59 3
289 59 4
290 51 12
291 52 6
292 59 5
293 60 1
294 53 7
295 60 2
296 60 3
297 28 5
298 53 9
299 48 16
300 60 4
301 54 8
302 60 5
303 61 1
304 49 26
305 61 2
306 1 0
307 2 1
308 2 7
309 2 13
310 2 2
311 2 0
312 3 0
313 7 25
314 3 21
315 4 9
316 13 1
317 54 10
318 28 14
319 13 0
320 13 4
321 31 1
322 13 26
323 9 0
324 14 0
325 10 1
326 61 3
327 10 6
328 14 3
329 25 2
330 15 0
331 48 17
332 37 26
333 49 18
334 61 4
335 32 9
336 13 2
337 24 4
338 13 3
339 61 5
340 54 11
341 18 22
342 30 12
343 19 18
344 31 2
345 33 17
346 31 3
347 49 19
348 54 12
349 5 7
350 14 1
351 62 1
352 24 19
353 25 26
354 17 5
355 15 10
356 5 2
357 62 2
358 62 3
359 62 4
360 18 12
361 14 2
362 6 1
363 6 11
364 6 22
365 6 23
366 6 24
367 18 16
368 18 3
369 18 8
370 51 20
371 18 2
372 62 5
373 55 6
374 63 1
375 63 2
376 19 0
377 23 16
378 63 3
379 63 4
380 33 16
381 63 5
382 64 1
383 31 4
384 31 5
385 52 13
386 15 2
387 19 25
388 15 3
389 15 11
390 64 2
391 16 0
392 64 3
393 53 14
394 31 25
395 64 4
396 51 21
397 27 10
398 33 14
399 20 1
400 29 19
401 33 2
402 17 9
403 64 5
404 21 0
405 65 1
406 56 7
407 21 8
408 65 2
409 24 22
410 65 3
411 54 22
412 22 0
413 29 9
414 65 4
415 22 4
416 32 7
417 65 5
418 54 23
419 66 1
420 56 9
421 23 14
422 26 5
423 23 0
424 28 3
425 66 2
426 18 17
427 53 15
428 57 8
429 57 10
430 39 20
431 22 13
432 66 3
433 54 24
434 53 16
435 24 18
436 24 8
437 66 4
438 66 5
439 27 21
440 33 20
441 67 1
442 67 2
443 67 3
444 67 4
445 67 5
446 28 2
447 68 1
448 27 8
449 68 2
450 27 4
451 55 25
452 27 20
453 27 3
454 68 3
455 68 4
456 23 5
457 68 5
458 53 17
459 57 11
460 23 3
461 69 1
462 69 2
463 55 26
464 18 0
465 57 20
466 57 12
467 33 8
468 54 18
469 27 12
470 35 1
471 69 3
472 57 21
473 69 4
474 54 19
475 69 5
476 30 8
477 70 1
478 28 6
479 30 22
480 57 13
481 70 2
482 37 0
483 58 6
484 36 3
485 70 3
486 70 4
487 32 5
488 59 7
489 59 9
490 19 19
491 70 5
492 60 8
493 38 0
494 71 1
495 71 2
496 60 10
497 39 0
498 60 11
499 29 7
500 71 3
501 29 0
502 71 4
503 60 12
504 58 14
505 40 0
506 61 6
507 71 5
508 12 4
509 36 4
510 72 1
511 41 0
512 72 2
513 72 3
514 72 4
515 72 5
516 33 5
517 42 0
518 36 5
519 73 1
520 43 0
521 73 2
522 60 22
523 24 5
524 73 3
525 20 0
526 33 4
527 23 7
528 62 7
529 58 15
530 44 0
531 73 4
532 60 23
533 73 5
534 8 16
535 45 0
536 8 17
537 74 0
538 74 1
539 46 0
540 62 9
541 74 2
542 74 3
543 47 0
544 34 1
545 39 21
546 63 8
547 74 4
548 32 0
549 74 5
550 63 10
551 48 0
552 75 0
553 58 16
554 27 5
555 63 11
556 60 24
557 75 1
558 49 0
559 75 2
560 75 3
561 63 12
562 61 25
563 61 26
564 50 0
565 75 4
566 75 5
567 51 0
568 76 0
569 58 17
570 59 18
571 24 0
572 76 1
573 52 0
574 59 19
575 76 2
576 62 13
577 25 25
578 64 6
579 76 3
580 53 0
581 63 14
582 76 4
583 3 8
584 65 7
585 76 5
586 65 9
587 66 8
588 54 0
589 66 10
590 32 1
591 32 2
592 32 3
593 32 4
594 33 12
595 77 0
596 66 11
597 77 1
598 55 0
599 77 2
600 77 3
601 56 0
602 77 4
603 63 20
604 63 15
605 1 6
606 4 0
607 5 0
608 6 0
609 5 1
610 6 10
611 4 6
612 7 0
613 7 1
614 7 6
615 7 13
616 9 18
617 21 4
618 9 2
619 66 12
620 12 24
621 21 5
622 9 12
623 23 9
624 7 26
625 34 0
626 63 21
627 6 8
628 77 5
629 8 14
630 20 5
631 8 4
632 8 5
633 35 4
634 8 2
635 8 3
636 8 9
637 57 0
638 78 0
639 11 9
640 67 6
641 9 10
642 9 3
643 9 19
644 9 11
645 9 5
646 26 1
647 78 1
648 9 21
649 58 0
650 63 16
651 78 2
652 63 17
653 9 4
654 27 11
655 24 12
656 78 3
657 12 10
658 21 3
659 10 3
660 14 5
661 66 22
662 25 6
663 26 0
664 14 4
665 59 0
666 12 22
667 30 3
668 11 4
669 36 24
670 12 13
671 12 5
672 66 23
673 68 7
674 16 2
675 20 4
676 78 4
677 29 5
678 14 7
679 78 5
680 12 1
681 60 0
682 19 4
683 22 5
684 22 6
685 79 0
686 25 5
687 64 18
688 29 2
689 79 1
690 66 24
691 11 2
692 35 3
693 29 18
694 67 25
695 68 9
696 7 2
697 69 8
698 36 23
699 61 0
700 79 2
701 17 2
702 79 3
703 17 1
704 62 0
705 69 10
706 17 13
707 79 4
708 79 5
709 22 1
710 67 26
711 36 22
712 63 0
713 80 0
714 80 1
715 15 1
716 64 0
717 34 5
718 13 15
719 80 2
720 69 11
721 80 3
722 26 7
723 64 19
724 65 0
725 23 1
726 30 4
727 80 4
728 69 12
729 24 1
730 80 5
731 17 7
732 66 0
733 67 13
734 15 12
735 33 11
736 81 0
737 30 23
738 81 1
739 36 2
740 67 0
741 68 14
742 21 21
743 81 2
744 70 6
745 20 7
746 81 3
747 68 0
748 18 24
749 71 7
750 81 4
751 81 5
752 31 26
753 30 10
754 68 15
755 69 0
756 18 1
757 21 12
758 69 20
759 11 5
760 12 11
761 71 9
762 69 21
763 82 0
764 72 8
765 36 0
766 82 1
767 72 10
768 72 22
769 70 0
770 68 16
771 33 10
772 21 10
773 72 11
774 82 2
775 82 3
776 71 0
777 27 2
778 27 1
779 68 17
780 82 4
781 82 5
782 72 0
783 83 0
784 23 4
785 83 1
786 83 2
787 83 3
788 83 4
789 83 5
790 69 18
791 19 6
792 12 12
793 84 0
794 84 1
795 69 19
796 25 4
797 17 4
798 84 2
799 84 3
800 72 12
801 84 4
802 29 3
803 84 5
804 85 0
805 73 6
806 35 2
807 74 7
808 16 6
809 74 9
810 85 1
811 85 2
812 85 3
813 85 4
814 75 8
815 85 5
816 33 1
817 75 10
818 86 0
819 86 1
820 12 23
821 86 2
822 86 3
823 30 0
824 86 4
825 72 13
826 75 11
827 73 14
828 86 5
829 24 24
830 75 12
831 87 0
832 87 1
833 73 15
834 87 2
835 73 16
836 76 6
837 87 3
838 77 7
839 72 23
840 87 4
841 77 9
842 19 26
843 73 17
844 72 24
845 74 18
846 87 5
847 88 0
848 88 1
849 78 8
850 73 25
851 6 2
852 88 2
853 7 3
854 74 19
855 88 3
856 78 10
857 88 4
858 88 5
859 89 0
860 89 1
861 89 2
862 89 3
863 89 4
864 24 10
865 89 5
866 90 0
867 90 1
868 77 13
869 78 11
870 90 2
871 78 14
872 90 3
873 73 26
874 90 4
875 90 5
876 78 15
877 91 0
878 78 16
879 75 20
880 91 1
881 91 2
882 91 3
883 75 21
884 91 4
885 78 17
886 91 5
887 92 0
888 79 18
889 92 1
890 92 2
891 92 3
892 92 4
893 79 19
894 78 22
895 82 13
896 92 5
897 78 23
898 93 0
899 78 12
900 93 1
901 93 2
902 78 24
903 79 6
904 93 3
905 93 4
