// The next line is the dfg name
random5_4type_uniform
// The next lines are FU parameters given as:
// <FU type>  <resource constraint>  <# of FUs used>  <FU delay>
ADD 2 2 1
MUL 8 8 3
DIV 14 14 5
SQRT 16 16 6
actual latency 153
0 1 10
1 6 31
2 6 0
3 6 3
4 7 33
5 12 23
6 15 0
7 12 22
8 12 3
9 12 0
10 15 3
11 31 21
12 18 4
13 17 1
14 17 2
15 90 0
16 21 17
17 18 32
18 17 23
19 18 11
20 67 22
21 41 7
22 18 0
23 47 23
24 70 5
25 23 29
26 21 18
27 18 1
28 19 0
29 54 1
30 17 7
31 21 21
32 17 0
33 17 30
34 22 38
35 60 1
36 46 6
37 23 1
38 24 8
39 41 21
40 23 7
41 61 1
42 27 0
43 28 5
44 15 1
45 47 7
46 6 10
47 24 1
48 20 15
49 20 1
50 21 8
51 20 2
52 23 30
53 27 34
54 26 2
55 26 21
56 48 4
57 62 1
58 27 28
59 48 8
60 45 15
61 70 35
62 21 28
63 50 14
64 20 0
65 23 0
66 63 1
67 29 12
68 29 0
69 50 1
70 39 28
71 46 18
72 36 8
73 48 9
74 39 34
75 64 1
76 21 20
77 44 1
78 50 7
79 46 19
80 42 4
81 21 26
82 42 9
83 65 1
84 31 19
85 24 3
86 66 1
87 51 4
88 25 1
89 26 7
90 46 20
91 46 21
92 46 36
93 50 15
94 26 16
95 26 20
96 39 8
97 67 1
98 51 16
99 28 1
100 56 0
101 27 3
102 51 17
103 46 37
104 33 8
105 51 18
106 31 1
107 51 19
108 68 1
109 25 14
110 25 33
111 69 1
112 46 38
113 46 39
114 30 13
115 51 20
116 70 1
117 24 32
118 51 8
119 71 1
120 51 27
121 51 21
122 51 28
123 52 23
124 51 9
125 33 34
126 40 36
127 30 32
128 52 6
129 72 1
130 51 34
131 53 7
132 41 19
133 37 0
134 73 1
135 36 4
136 54 0
137 39 27
138 36 3
139 52 36
140 52 37
141 54 4
142 33 9
143 52 38
144 55 14
145 39 0
146 39 3
147 41 18
148 40 6
149 54 8
150 52 39
151 55 1
152 53 30
153 55 15
154 54 9
155 55 6
156 11 29
157 18 8
158 11 7
159 74 1
160 75 1
161 56 7
162 56 16
163 56 17
164 56 18
165 46 1
166 76 1
167 41 1
168 35 2
169 77 1
170 56 19
171 35 7
172 78 1
173 79 1
174 56 20
175 54 32
176 56 21
177 55 33
178 57 23
179 60 14
180 60 15
181 19 6
182 57 27
183 57 28
184 80 1
185 19 5
186 81 1
187 57 0
188 31 20
189 82 1
190 58 0
191 57 34
192 58 36
193 61 16
194 33 4
195 58 37
196 58 38
197 57 4
198 58 39
199 57 8
200 34 5
201 61 17
202 37 5
203 30 4
204 59 30
205 61 18
206 61 19
207 83 1
208 84 1
209 38 7
210 85 1
211 57 9
212 61 20
213 58 6
214 60 32
215 61 21
216 59 7
217 62 23
218 60 4
219 60 8
220 26 19
221 61 33
222 65 14
223 63 27
224 22 35
225 65 15
226 63 28
227 66 16
228 66 17
229 86 1
230 66 18
231 66 19
232 60 9
233 87 1
234 61 6
235 63 34
236 43 0
237 64 36
238 64 37
239 62 7
240 64 38
241 63 4
242 66 20
243 64 39
244 65 30
245 66 32
246 67 33
247 88 1
248 31 0
249 63 8
250 66 21
251 69 27
252 89 1
253 63 9
254 90 1
255 69 28
256 69 34
257 64 6
258 67 23
259 40 39
260 65 7
261 70 36
262 68 11
263 70 37
264 91 0
265 70 38
266 70 39
267 66 4
268 91 1
269 69 12
270 66 8
271 92 0
272 92 1
273 71 29
274 71 30
275 37 1
276 70 13
277 93 0
278 72 31
279 72 32
280 93 1
281 70 14
282 66 9
283 94 0
284 70 15
285 71 10
286 94 1
287 67 6
288 71 16
289 95 0
290 35 0
291 73 24
292 73 33
293 68 7
294 69 4
295 71 17
296 69 8
297 69 9
298 74 25
299 1 24
300 7 24
301 13 11
302 18 31
303 24 12
304 25 13
305 42 1
306 13 24
307 71 18
308 7 5
309 21 16
310 29 1
311 33 27
312 30 0
313 75 26
314 34 37
315 75 27
316 70 6
317 30 3
318 34 12
319 29 30
320 29 7
321 75 28
322 29 29
323 30 31
324 31 18
325 48 0
326 29 2
327 95 1
328 71 2
329 32 1
330 32 22
331 32 0
332 71 7
333 32 25
334 34 39
335 96 0
336 31 24
337 37 6
338 43 5
339 33 0
340 96 1
341 37 22
342 37 24
343 72 3
344 43 11
345 33 3
346 33 11
347 75 34
348 76 35
349 41 29
350 33 1
351 71 19
352 71 20
353 36 21
354 32 23
355 34 35
356 34 0
357 76 36
358 34 38
359 34 36
360 36 9
361 72 4
362 71 21
363 38 2
364 76 37
365 72 22
366 53 1
367 38 11
368 38 25
369 76 38
370 35 13
371 42 31
372 76 39
373 36 32
374 35 29
375 72 8
376 72 23
377 44 0
378 97 0
379 73 11
380 53 0
381 74 12
382 77 29
383 39 4
384 72 9
385 39 26
386 97 1
387 10 35
388 75 13
389 40 13
390 41 17
391 75 14
392 48 31
393 39 12
394 98 0
395 35 14
396 75 15
397 36 18
398 98 1
399 99 0
400 99 1
401 73 5
402 73 6
403 76 10
404 36 31
405 77 30
406 44 7
407 100 0
408 74 2
409 74 7
410 41 0
411 100 1
412 40 37
413 40 5
414 78 31
415 76 16
416 44 12
417 43 24
418 101 0
419 75 3
420 78 32
421 75 4
422 76 17
423 36 1
424 38 1
425 75 8
426 75 9
427 76 18
428 36 17
429 76 19
430 45 1
431 49 24
432 79 24
433 101 1
434 76 5
435 79 33
436 80 25
437 76 20
438 76 21
439 41 2
440 44 2
441 45 3
442 77 22
443 76 6
444 77 23
445 81 26
446 78 11
447 42 22
448 79 12
449 47 1
450 77 2
451 81 27
452 81 28
453 102 0
454 80 13
455 77 7
456 47 29
457 81 34
458 78 3
459 80 14
460 80 15
461 82 35
462 37 23
463 82 36
464 82 37
465 82 38
466 78 4
467 82 39
468 83 29
469 42 3
470 83 30
471 42 0
472 55 0
473 84 31
474 102 1
475 103 0
476 103 1
477 104 0
478 78 8
479 78 9
480 81 10
481 104 1
482 81 16
483 79 5
484 79 6
485 105 0
486 105 1
487 80 2
488 59 0
489 80 7
490 106 0
491 81 17
492 106 1
493 84 32
494 81 18
495 81 3
496 85 24
497 85 33
498 81 4
499 81 19
500 107 0
501 81 20
502 81 8
503 45 13
504 81 21
505 81 9
506 107 1
507 108 0
508 108 1
509 109 0
510 82 5
511 109 1
512 82 22
513 16 19
514 16 36
515 86 25
516 82 23
517 110 0
518 110 1
519 87 26
520 40 15
521 87 27
522 40 1
523 87 28
524 87 34
525 40 35
526 111 0
527 40 14
528 82 6
529 83 2
530 83 7
531 83 11
532 84 12
533 85 13
534 111 1
535 88 35
536 85 14
537 112 0
538 88 36
539 112 1
540 113 0
541 84 3
542 84 4
543 88 37
544 84 8
545 84 9
546 85 5
547 85 6
548 113 1
549 114 0
550 86 2
551 85 15
552 86 7
553 86 10
554 88 38
555 86 16
556 87 3
557 87 4
558 88 39
559 86 17
560 89 29
561 86 18
562 114 1
563 49 12
564 115 0
565 89 30
566 48 11
567 87 8
568 87 9
569 86 19
570 115 1
571 88 5
572 116 0
573 116 1
574 90 31
575 90 32
576 88 6
577 49 33
578 89 2
579 117 0
580 46 16
581 117 1
582 86 20
583 50 13
584 51 26
585 118 0
586 118 1
587 51 10
588 86 21
589 89 7
590 47 30
591 90 3
592 119 0
593 46 35
594 119 1
595 90 4
596 120 0
597 48 32
598 1 2
599 4 16
600 9 12
601 15 15
602 14 25
603 120 1
604 16 37
605 15 26
606 15 34
607 14 2
608 16 17
609 15 27
610 21 4
611 46 0
612 9 3
613 21 0
614 17 22
615 19 24
616 17 29
617 52 1
618 50 25
619 22 6
620 22 22
621 20 13
622 22 37
623 26 18
624 22 1
625 24 9
626 22 0
627 22 5
628 48 3
629 22 23
630 90 8
631 27 22
632 12 32
633 15 13
634 16 16
635 12 31
636 12 4
637 13 33
638 12 8
639 16 38
640 121 0
641 41 16
642 36 20
643 33 26
644 45 28
645 121 1
646 21 27
647 20 7
648 20 25
649 20 14
650 23 11
651 47 2
652 26 17
653 23 2
654 24 4
655 28 0
656 47 22
657 60 0
658 26 1
659 91 24
660 56 10
661 54 12
662 52 35
663 27 4
664 90 9
665 52 22
666 25 15
667 25 0
668 55 24
669 61 0
670 27 23
671 62 0
672 53 11
673 53 29
674 63 0
675 26 10
676 54 31
677 46 5
678 55 13
679 28 39
680 28 6
681 44 25
682 87 22
683 31 6
684 28 38
685 26 25
686 27 1
687 91 5
688 30 14
689 27 27
690 27 9
691 56 25
692 87 23
693 31 5
694 30 9
695 64 0
696 48 1
697 39 1
698 59 12
699 27 8
700 65 0
701 49 6
702 66 0
703 67 0
704 68 0
705 40 0
706 49 5
707 91 6
708 57 26
709 25 24
710 45 8
711 28 37
712 25 6
713 91 33
714 36 19
715 33 28
716 52 0
717 50 2
718 69 0
719 40 38
720 32 7
721 58 35
722 21 1
723 31 16
724 31 17
725 59 1
726 51 3
727 54 3
728 92 25
729 53 2
730 59 29
731 57 22
732 58 11
733 32 2
734 60 31
735 61 24
736 38 0
737 60 13
738 70 0
739 27 26
740 51 1
741 61 10
742 62 25
743 52 5
744 63 26
745 56 2
746 71 0
747 88 11
748 55 5
749 46 10
750 57 3
751 89 12
752 45 26
753 93 26
754 64 12
755 64 35
756 62 22
757 93 27
758 41 10
759 63 11
760 92 2
761 58 5
762 59 2
763 65 13
764 47 0
765 34 1
766 72 0
767 16 39
768 60 3
769 92 7
770 65 29
771 73 0
772 66 31
773 51 0
774 74 0
775 28 36
776 67 24
777 66 10
778 68 25
779 90 13
780 69 26
781 93 28
782 61 5
783 75 0
784 90 14
785 62 2
786 35 30
787 76 0
788 93 34
789 35 1
790 77 0
791 63 3
792 78 0
793 79 0
794 45 4
795 80 0
796 94 35
797 30 15
798 93 3
799 81 0
800 82 0
801 83 0
802 84 0
803 94 36
804 85 0
805 90 15
806 64 5
807 65 2
808 31 33
809 91 10
810 94 37
811 94 38
812 66 3
813 91 16
814 94 39
815 91 17
816 91 18
817 18 9
818 93 4
819 86 0
820 45 27
821 95 29
822 87 0
823 91 19
824 91 20
825 67 5
826 95 30
827 68 2
828 91 21
829 88 0
830 69 3
831 92 22
832 93 8
833 36 16
834 36 10
835 89 0
836 122 0
837 96 31
838 92 23
839 93 11
840 93 9
841 122 1
842 94 5
843 94 12
844 95 13
845 96 32
846 95 14
847 97 24
848 95 15
849 97 33
850 98 25
851 99 26
852 123 0
853 99 27
854 123 1
855 94 6
856 99 28
857 95 2
858 124 0
859 95 7
860 99 34
861 96 10
862 96 16
863 100 35
864 96 17
865 100 36
866 96 3
867 100 37
868 96 4
869 96 18
870 96 8
871 124 1
872 125 0
873 96 9
874 125 1
875 97 5
876 100 38
877 97 6
878 45 0
879 126 0
880 98 2
881 96 19
882 98 7
883 126 1
884 127 0
885 127 1
886 128 0
887 128 1
888 100 39
889 129 0
890 129 1
891 101 29
892 130 0
893 96 20
894 96 21
895 97 22
896 101 30
897 99 3
898 99 4
899 102 31
900 130 1
901 97 23
902 98 11
903 99 12
904 1 0
905 2 0
906 2 3
907 2 25
908 2 4
909 2 12
910 2 26
911 2 1
912 2 11
913 3 6
914 3 13
915 3 15
916 3 0
917 3 5
918 3 28
919 3 27
920 3 14
921 5 17
922 5 0
923 5 30
924 5 2
925 6 4
926 8 2
927 11 17
928 8 7
929 7 6
930 7 0
931 9 8
932 8 11
933 13 5
934 102 32
935 13 0
936 14 12
937 13 6
938 100 13
939 100 14
940 22 36
941 22 39
942 131 0
943 99 8
944 19 33
945 103 24
946 43 6
947 19 12
948 8 0
949 131 1
950 8 25
951 5 29
952 9 27
953 9 9
954 9 1
955 10 5
956 9 26
957 9 28
958 11 1
959 9 34
960 9 0
961 11 18
962 24 31
963 132 0
964 10 1
965 11 0
966 132 1
967 10 13
968 10 37
969 133 0
970 10 0
971 10 6
972 10 14
973 10 36
974 16 1
975 99 9
976 100 15
977 30 1
978 16 5
979 3 1
980 103 33
981 100 5
982 101 10
983 16 10
984 16 0
985 16 6
986 19 1
987 15 14
988 15 28
989 14 0
990 100 6
991 104 25
992 101 16
993 14 7
994 15 4
995 9 4
996 101 17
997 133 1
998 101 2
999 42 8
1000 58 1
1001 21 19
1002 105 26
1003 105 27
1004 12 9
1005 101 7
1006 11 30
1007 11 10
1008 11 16
1009 102 3
1010 15 8
1011 18 3
1012 134 0
1013 102 4
1014 11 19
1015 11 20
1016 102 8
1017 11 2
1018 134 1
1019 11 21
1020 13 1
1021 102 9
1022 103 5
1023 105 28
1024 101 18
1025 105 34
1026 21 34
1027 106 35
1028 101 19
1029 101 20
1030 21 3
1031 21 9
1032 101 21
1033 135 0
1034 102 22
1035 103 6
1036 106 36
1037 50 0
1038 104 2
1039 16 18
1040 43 1
1041 12 1
1042 16 20
1043 106 37
1044 14 1
1045 106 38
1046 15 9
1047 102 23
1048 24 0
1049 104 7
1050 39 9
1051 103 11
1052 21 10
1053 135 1
1054 136 0
1055 104 12
1056 105 13
1057 105 3
1058 136 1
1059 137 0
1060 106 39
1061 26 0
1062 137 1
1063 105 14
1064 105 15
1065 106 10
1066 106 16
1067 106 17
1068 138 0
1069 138 1
1070 31 10
1071 105 4
1072 107 29
1073 105 8
1074 107 30
1075 139 0
1076 105 9
1077 108 31
1078 36 0
1079 57 1
1080 106 5
1081 106 18
1082 16 21
1083 106 6
1084 108 32
1085 139 1
1086 109 24
1087 107 2
1088 109 33
1089 25 5
1090 140 0
1091 140 1
1092 141 0
1093 110 25
1094 141 1
1095 106 19
1096 142 0
1097 111 26
1098 30 8
1099 49 1
1100 107 7
1101 42 23
1102 42 32
1103 111 27
1104 28 35
1105 106 20
1106 111 28
1107 34 6
1108 16 35
1109 106 21
1110 142 1
1111 111 34
1112 112 35
1113 143 0
1114 107 22
1115 108 3
1116 107 23
1117 49 0
1118 112 36
1119 108 4
1120 143 1
1121 108 11
1122 144 0
1123 108 8
1124 108 9
1125 109 5
1126 144 1
1127 109 12
1128 112 37
1129 112 38
1130 109 6
1131 110 2
1132 35 15
1133 110 7
1134 145 0
1135 145 1
1136 56 1
1137 111 3
1138 111 4
1139 112 39
1140 146 0
1141 110 13
1142 111 8
1143 146 1
1144 147 0
1145 147 1
1146 113 29
1147 113 30
1148 37 33
1149 110 14
1150 110 15
1151 111 9
1152 28 11
1153 148 0
1154 111 10
1155 114 31
1156 114 32
1157 115 24
1158 112 5
1159 112 6
1160 115 33
1161 41 30
1162 148 1
1163 41 20
1164 149 0
1165 149 1
1166 116 25
1167 113 2
1168 113 7
1169 111 16
1170 114 3
1171 111 17
1172 150 0
1173 114 4
1174 150 1
1175 45 14
1176 43 33
1177 114 8
1178 111 18
1179 111 19
1180 114 9
1181 117 26
1182 117 27
1183 111 20
1184 111 21
1185 46 17
1186 115 5
1187 10 38
1188 151 0
1189 10 39
1190 10 15
1191 151 1
1192 152 0
1193 115 6
1194 116 2
1195 116 7
1196 152 1
1197 117 3
1198 117 4
1199 153 0
1200 45 9
1201 45 34
1202 153 1
1203 6 1
1204 7 1
1205 8 1
1206 6 32
1207 6 18
