// The next line is the dfg name
random5_4type_uniform
// The next lines are FU parameters given as:
// <FU type>  <resource constraint>  <# of FUs used>  <FU delay>
ADD 1 1 1
MUL 3 3 3
DIV 6 6 5
SQRT 7 7 6
actual latency 304
0 1 4
1 8 11
2 6 0
3 92 3
4 15 14
5 16 4
6 175 0
7 15 9
8 14 3
9 14 0
10 17 3
11 85 9
12 175 1
13 22 0
14 20 2
15 176 0
16 52 6
17 21 14
18 21 4
19 22 6
20 146 4
21 92 2
22 20 0
23 92 6
24 104 3
25 151 10
26 65 9
27 81 0
28 82 0
29 107 0
30 22 1
31 78 8
32 21 0
33 21 13
34 75 14
35 177 0
36 107 3
37 28 0
38 77 3
39 88 7
40 70 1
41 178 0
42 43 0
43 47 3
44 179 0
45 110 3
46 7 5
47 30 0
48 23 8
49 42 0
50 23 3
51 23 2
52 86 12
53 63 14
54 38 2
55 68 8
56 113 3
57 180 0
58 65 15
59 116 3
60 88 8
61 87 14
62 27 13
63 93 8
64 25 0
65 26 0
66 181 0
67 61 4
68 45 0
69 97 0
70 65 16
71 97 6
72 88 1
73 119 3
74 67 10
75 182 0
76 70 9
77 77 0
78 122 3
79 98 8
80 95 2
81 26 11
82 98 2
83 183 0
84 81 4
85 61 1
86 184 0
87 125 3
88 32 0
89 41 3
90 102 6
91 103 8
92 89 16
93 107 6
94 41 4
95 53 7
96 89 2
97 185 0
98 108 8
99 58 0
100 98 0
101 32 3
102 112 6
103 92 12
104 62 2
105 113 8
106 56 0
107 117 6
108 186 0
109 28 7
110 27 14
111 187 0
112 93 14
113 95 16
114 38 7
115 118 8
116 188 0
117 26 12
118 128 3
119 189 0
120 98 12
121 122 6
122 99 14
123 123 8
124 131 3
125 59 16
126 63 13
127 33 14
128 134 3
129 190 0
130 101 16
131 137 3
132 83 8
133 49 0
134 191 0
135 65 2
136 99 0
137 45 14
138 46 1
139 104 12
140 105 14
141 140 3
142 67 1
143 107 16
144 127 6
145 50 0
146 86 2
147 83 7
148 89 3
149 143 3
150 110 12
151 100 0
152 111 14
153 128 8
154 146 3
155 149 3
156 113 16
157 152 3
158 83 2
159 192 0
160 193 0
161 155 3
162 132 6
163 133 8
164 137 6
165 75 0
166 194 0
167 60 0
168 44 3
169 195 0
170 138 8
171 50 2
172 196 0
173 197 0
174 142 6
175 116 12
176 143 8
177 117 14
178 147 5
179 147 6
180 148 7
181 53 2
182 119 16
183 122 12
184 198 0
185 29 3
186 199 0
187 101 0
188 82 6
189 200 0
190 102 0
191 123 14
192 125 16
193 148 8
194 71 3
195 128 12
196 129 14
197 158 3
198 131 16
199 161 3
200 82 1
201 150 9
202 85 1
203 59 3
204 134 12
205 151 4
206 152 5
207 201 0
208 202 0
209 74 3
210 203 0
211 164 3
212 152 6
213 167 3
214 135 14
215 153 7
216 170 3
217 153 8
218 173 3
219 176 2
220 57 5
221 137 16
222 155 9
223 140 12
224 44 11
225 156 4
226 141 14
227 157 5
228 157 6
229 204 0
230 158 7
231 158 8
232 176 3
233 205 0
234 178 1
235 143 16
236 74 0
237 146 12
238 147 14
239 179 2
240 149 16
241 179 3
242 160 9
243 152 11
244 152 12
245 153 13
246 153 14
247 206 0
248 48 0
249 181 1
250 161 4
251 155 15
252 207 0
253 182 2
254 208 0
255 155 16
256 157 10
257 182 3
258 162 5
259 75 13
260 184 1
261 158 11
262 162 6
263 158 12
264 209 0
265 159 13
266 159 14
267 185 2
268 210 0
269 163 7
270 185 3
271 211 0
272 212 0
273 161 15
274 161 16
275 64 0
276 163 8
277 213 0
278 163 10
279 164 11
280 214 0
281 165 9
282 187 1
283 215 0
284 166 4
285 167 5
286 216 0
287 188 2
288 167 6
289 217 0
290 61 0
291 164 12
292 165 13
293 188 3
294 190 1
295 168 7
296 191 2
297 191 3
298 165 14
299 1 10
300 7 10
301 13 7
302 19 10
303 25 9
304 26 4
305 73 0
306 13 10
307 168 8
308 7 1
309 47 6
310 52 0
311 50 11
312 31 0
313 167 15
314 53 15
315 167 16
316 193 1
317 32 2
318 37 5
319 33 13
320 38 3
321 169 10
322 31 10
323 32 12
324 67 5
325 70 0
326 31 1
327 218 0
328 194 2
329 40 0
330 35 9
331 34 0
332 194 3
333 35 15
334 44 12
335 219 0
336 32 11
337 74 2
338 100 1
339 35 0
340 220 0
341 40 9
342 41 15
343 196 1
344 47 5
345 35 3
346 36 4
347 170 11
348 170 12
349 77 15
350 37 0
351 170 9
352 171 4
353 68 7
354 53 8
355 37 10
356 36 0
357 171 13
358 45 13
359 38 11
360 76 1
361 197 2
362 172 5
363 41 2
364 171 14
365 172 6
366 96 0
367 62 6
368 43 10
369 173 15
370 37 6
371 79 10
372 173 16
373 47 16
374 38 12
375 197 3
376 173 7
377 53 0
378 221 0
379 173 8
380 95 0
381 175 9
382 175 10
383 77 2
384 199 1
385 51 14
386 222 0
387 11 15
388 176 4
389 45 9
390 82 5
391 177 5
392 55 10
393 42 5
394 223 0
395 43 7
396 177 6
397 63 8
398 224 0
399 225 0
400 226 0
401 200 2
402 200 3
403 178 7
404 56 11
405 176 11
406 101 2
407 227 0
408 202 1
409 203 2
410 44 0
411 228 0
412 62 12
413 43 1
414 176 12
415 178 8
416 46 4
417 56 12
418 229 0
419 203 3
420 177 13
421 205 1
422 180 9
423 41 0
424 69 0
425 206 2
426 206 3
427 181 4
428 63 7
429 182 5
430 78 0
431 57 14
432 177 14
433 230 0
434 208 1
435 179 15
436 179 16
437 182 6
438 183 7
439 44 2
440 47 2
441 79 1
442 183 8
443 209 2
444 185 9
445 181 10
446 186 4
447 62 5
448 187 5
449 79 0
450 209 3
451 182 11
452 182 12
453 231 0
454 187 6
455 211 1
456 59 15
457 183 13
458 212 2
459 188 7
460 188 8
461 183 14
462 77 5
463 185 15
464 185 16
465 187 10
466 212 3
467 188 11
468 188 12
469 53 3
470 189 13
471 68 0
472 80 0
473 189 14
474 232 0
475 233 0
476 234 0
477 235 0
478 214 1
479 215 2
480 190 9
481 236 0
482 191 4
483 215 3
484 217 1
485 237 0
486 238 0
487 218 2
488 103 0
489 218 3
490 174 0
491 192 5
492 172 0
493 191 15
494 192 6
495 220 1
496 191 16
497 193 10
498 221 2
499 193 7
500 170 0
501 193 8
502 221 3
503 57 6
504 195 9
505 223 1
506 168 0
507 166 0
508 164 0
509 162 0
510 224 2
511 160 0
512 196 4
513 76 4
514 194 11
515 194 12
516 197 5
517 158 0
518 156 0
519 195 13
520 58 8
521 195 14
522 67 0
523 197 15
524 197 16
525 47 15
526 154 0
527 58 7
528 224 3
529 226 1
530 227 2
531 197 6
532 198 7
533 142 5
534 152 0
535 199 10
536 137 5
537 150 0
538 200 11
539 148 0
540 146 0
541 227 3
542 229 1
543 200 12
544 230 2
545 230 3
546 232 1
547 233 2
548 144 0
549 142 0
550 233 3
551 132 5
552 235 1
553 127 5
554 201 13
555 122 5
556 236 2
557 236 3
558 201 14
559 117 5
560 203 15
561 112 5
562 140 0
563 107 5
564 138 0
565 203 16
566 102 5
567 238 1
568 170 2
569 97 5
570 136 0
571 164 2
572 134 0
573 132 0
574 146 11
575 134 11
576 158 2
577 122 11
578 152 2
579 130 0
580 92 5
581 128 0
582 91 4
583 90 9
584 110 11
585 126 0
586 124 0
587 93 7
588 95 9
589 146 2
590 98 11
591 140 2
592 122 0
593 86 11
594 120 0
595 134 2
596 118 0
597 85 10
598 1 1
599 6 4
600 11 4
601 18 8
602 17 15
603 116 0
604 87 13
605 17 16
606 71 15
607 16 1
608 52 5
609 20 11
610 26 2
611 83 0
612 11 2
613 23 0
614 20 9
615 49 10
616 20 12
617 88 0
618 89 15
619 40 1
620 27 5
621 23 7
622 71 16
623 51 4
624 66 0
625 94 1
626 65 0
627 26 3
628 128 2
629 27 6
630 122 2
631 32 5
632 91 10
633 17 5
634 43 8
635 15 13
636 56 3
637 92 11
638 50 3
639 93 13
640 114 0
641 77 6
642 67 6
643 39 13
644 95 15
645 112 0
646 25 10
647 28 1
648 23 16
649 22 5
650 33 8
651 116 2
652 48 7
653 34 1
654 65 3
655 46 0
656 96 4
657 110 0
658 39 0
659 97 10
660 98 7
661 100 9
662 99 13
663 49 1
664 110 2
665 101 4
666 33 7
667 27 0
668 101 15
669 109 0
670 32 6
671 111 0
672 103 7
673 103 10
674 113 0
675 28 8
676 104 11
677 104 2
678 105 9
679 74 12
680 62 3
681 80 11
682 106 4
683 68 3
684 69 13
685 29 16
686 47 0
687 106 1
688 50 9
689 57 13
690 73 1
691 105 13
692 108 7
693 55 1
694 68 2
695 115 0
696 84 0
697 63 0
698 110 9
699 59 2
700 117 0
701 107 2
702 119 0
703 121 0
704 123 0
705 62 0
706 103 1
707 109 1
708 107 15
709 29 15
710 112 1
711 68 12
712 35 2
713 109 10
714 75 9
715 51 13
716 94 0
717 113 2
718 125 0
719 74 11
720 58 1
721 111 13
722 55 0
723 38 8
724 73 8
725 104 0
726 115 1
727 118 1
728 113 15
729 119 2
730 115 10
731 111 4
732 113 7
733 37 1
734 116 11
735 117 13
736 59 0
737 115 9
738 127 0
739 53 16
740 93 0
741 116 4
742 119 15
743 121 1
744 121 10
745 124 1
746 129 0
747 118 7
748 125 2
749 86 4
750 127 1
751 120 9
752 81 13
753 123 13
754 121 4
755 125 15
756 123 7
757 127 10
758 73 7
759 125 9
760 130 1
761 131 2
762 133 1
763 126 4
764 72 0
765 54 0
766 131 0
767 128 11
768 136 1
769 137 2
770 129 13
771 133 0
772 131 15
773 92 0
774 135 0
775 62 11
776 133 10
777 128 7
778 135 13
779 130 9
780 137 15
781 139 10
782 139 1
783 137 0
784 131 4
785 142 1
786 61 10
787 139 0
788 140 11
789 51 0
790 141 0
791 143 2
792 143 0
793 145 0
794 101 3
795 147 0
796 141 13
797 72 6
798 145 1
799 149 0
800 151 0
801 153 0
802 155 0
803 143 15
804 157 0
805 133 7
806 148 1
807 149 2
808 41 16
809 135 9
810 145 10
811 147 13
812 151 1
813 136 4
814 149 15
815 138 7
816 140 9
817 154 1
818 155 2
819 159 0
820 83 15
821 205 10
822 161 0
823 141 4
824 143 7
825 157 1
826 206 11
827 160 1
828 145 9
829 163 0
830 161 2
831 198 8
832 163 1
833 56 4
834 55 9
835 165 0
836 167 0
837 206 12
838 200 9
839 201 4
840 166 1
841 169 0
842 167 2
843 202 5
844 202 6
845 207 13
846 203 7
847 207 14
848 203 8
849 209 15
850 209 16
851 211 10
852 171 0
853 212 11
854 173 0
855 169 1
856 212 12
857 172 1
858 239 0
859 173 2
860 213 13
861 205 9
862 206 4
863 213 14
864 207 5
865 215 15
866 239 2
867 215 16
868 239 3
869 207 6
870 241 1
871 240 0
872 241 0
873 242 2
874 242 0
875 242 3
876 217 10
877 244 1
878 71 0
879 243 0
880 245 2
881 208 7
882 245 3
883 244 0
884 245 0
885 246 0
886 247 0
887 248 0
888 218 11
889 249 0
890 250 0
891 218 12
892 251 0
893 208 8
894 210 9
895 211 4
896 219 13
897 247 1
898 248 2
899 219 14
900 252 0
901 212 5
902 212 6
903 213 7
904 1 0
905 2 0
906 2 2
907 2 11
908 2 3
909 2 6
910 2 12
911 3 0
912 2 5
913 5 2
914 3 7
915 3 9
916 4 0
917 4 1
918 3 14
919 3 13
920 3 8
921 7 6
922 5 0
923 5 16
924 5 3
925 248 3
926 8 3
927 213 8
928 11 3
929 8 2
930 7 0
931 250 1
932 8 7
933 13 1
934 221 15
935 13 0
936 13 8
937 86 3
938 215 9
939 216 4
940 73 10
941 83 16
942 253 0
943 251 2
944 50 12
945 221 16
946 98 3
947 18 7
948 8 0
949 254 0
950 8 12
951 5 15
952 9 14
953 251 3
954 10 0
955 253 1
956 9 13
957 223 10
958 18 0
959 224 11
960 9 0
961 217 5
962 23 15
963 255 0
964 12 0
965 15 0
966 256 0
967 10 9
968 14 11
969 257 0
970 11 0
971 254 2
972 217 6
973 11 16
974 57 0
975 254 3
976 218 7
977 29 0
978 52 1
979 258 0
980 224 12
981 256 1
982 218 8
983 31 4
984 16 0
985 56 2
986 19 0
987 17 6
988 14 12
989 91 0
990 257 2
991 225 13
992 220 9
993 14 2
994 19 1
995 10 1
996 221 4
997 259 0
998 257 3
999 97 1
1000 105 0
1001 72 5
1002 225 14
1003 227 15
1004 83 3
1005 259 1
1006 227 16
1007 12 5
1008 12 6
1009 260 2
1010 80 3
1011 17 2
1012 260 0
1013 260 3
1014 222 5
1015 222 6
1016 262 1
1017 64 1
1018 261 0
1019 223 7
1020 90 0
1021 263 2
1022 263 3
1023 229 10
1024 223 8
1025 230 11
1026 68 11
1027 230 12
1028 225 9
1029 226 4
1030 20 3
1031 29 2
1032 227 5
1033 262 0
1034 227 6
1035 265 1
1036 231 13
1037 89 0
1038 266 2
1039 60 9
1040 76 0
1041 17 0
1042 71 4
1043 231 14
1044 87 0
1045 233 15
1046 95 3
1047 228 7
1048 24 0
1049 266 3
1050 91 1
1051 228 8
1052 42 6
1053 263 0
1054 264 0
1055 230 9
1056 231 4
1057 268 1
1058 265 0
1059 266 0
1060 233 16
1061 33 0
1062 267 0
1063 232 5
1064 232 6
1065 233 7
1066 233 8
1067 235 9
1068 268 0
1069 269 0
1070 30 9
1071 269 2
1072 235 10
1073 269 3
1074 236 11
1075 270 0
1076 271 1
1077 236 12
1078 38 0
1079 106 0
1080 272 2
1081 236 4
1082 80 9
1083 272 3
1084 237 13
1085 271 0
1086 237 14
1087 274 1
1088 239 15
1089 25 1
1090 272 0
1091 273 0
1092 274 0
1093 239 16
1094 275 0
1095 237 5
1096 276 0
1097 241 10
1098 71 2
1099 86 0
1100 275 2
1101 87 5
1102 81 14
1103 242 11
1104 35 16
1105 237 6
1106 242 12
1107 80 2
1108 69 14
1109 238 7
1110 277 0
1111 243 13
1112 243 14
1113 278 0
1114 238 8
1115 275 3
1116 240 9
1117 85 0
1118 245 15
1119 277 1
1120 279 0
1121 241 4
1122 280 0
1123 278 2
1124 278 3
1125 280 1
1126 281 0
1127 242 5
1128 245 16
1129 247 10
1130 281 2
1131 281 3
1132 66 4
1133 283 1
1134 282 0
1135 283 0
1136 108 0
1137 284 2
1138 284 3
1139 248 11
1140 284 0
1141 242 6
1142 286 1
1143 285 0
1144 286 0
1145 287 0
1146 248 12
1147 249 13
1148 39 14
1149 243 7
1150 243 8
1151 287 2
1152 48 8
1153 288 0
1154 245 9
1155 249 14
1156 251 15
1157 251 16
1158 287 3
1159 289 1
1160 253 10
1161 80 12
1162 289 0
1163 87 6
1164 290 0
1165 291 0
1166 254 11
1167 290 2
1168 290 3
1169 246 4
1170 292 1
1171 247 5
1172 292 0
1173 293 2
1174 293 0
1175 78 7
1176 77 16
1177 293 3
1178 247 6
1179 248 7
1180 295 1
1181 254 12
1182 255 13
1183 248 8
1184 250 9
1185 251 4
1186 296 2
1187 255 14
1188 294 0
1189 257 15
1190 252 5
1191 295 0
1192 296 0
1193 296 3
1194 298 1
1195 299 2
1196 297 0
1197 299 3
1198 301 1
1199 298 0
1200 302 2
1201 257 16
1202 299 0
1203 300 0
1204 301 0
1205 302 0
1206 259 10
1207 8 8
