// The next line is the dfg name
random1_4type_uniform
// The next lines are FU parameters given as:
// <FU type>  <resource constraint>  <# of FUs used>  <FU delay>
ADD 1 1 1
MUL 1 1 3
DIV 2 2 5
SQRT 2 2 6
actual latency 456
0 1 1
1 4 1
2 7 1
3 10 1
4 10 0
5 11 0
6 60 5
7 67 0
8 13 0
9 19 4
10 146 3
11 25 1
12 31 4
13 36 5
14 172 1
15 42 0
16 69 0
17 49 0
18 14 0
19 13 1
20 15 0
21 13 4
22 161 3
23 49 4
24 126 3
25 37 2
26 151 3
27 152 2
28 85 1
29 16 3
30 91 1
31 144 5
32 145 4
33 175 1
34 150 5
35 16 1
36 151 4
37 162 2
38 44 0
39 43 0
40 21 3
41 67 4
42 70 0
43 56 0
44 160 1
45 156 5
46 103 4
47 71 0
48 120 5
49 178 1
50 181 1
51 184 1
52 151 0
53 187 1
54 46 3
55 45 0
56 42 2
57 138 5
58 166 3
59 147 2
60 47 0
61 190 1
62 92 2
63 55 1
64 58 1
65 157 4
66 167 2
67 162 5
68 48 5
69 163 4
70 151 1
71 19 0
72 171 3
73 130 1
74 193 1
75 156 0
76 172 2
77 168 5
78 101 3
79 196 1
80 96 5
81 176 3
82 177 2
83 85 4
84 112 1
85 74 0
86 181 3
87 91 4
88 182 2
89 152 0
90 61 0
91 169 4
92 199 1
93 186 3
94 131 0
95 202 1
96 136 1
97 72 2
98 115 0
99 54 5
100 187 2
101 205 1
102 118 1
103 191 3
104 97 0
105 208 1
106 66 0
107 174 5
108 211 1
109 192 2
110 175 4
111 196 3
112 214 1
113 64 0
114 60 0
115 53 0
116 127 4
117 217 1
118 197 2
119 201 3
120 202 2
121 55 0
122 126 5
123 54 0
124 206 3
125 180 5
126 181 4
127 75 0
128 103 1
129 117 2
130 186 5
131 187 4
132 207 2
133 62 0
134 96 3
135 76 0
136 211 3
137 220 1
138 77 0
139 192 5
140 212 2
141 78 0
142 193 4
143 58 0
144 144 0
145 198 5
146 223 1
147 216 3
148 20 0
149 55 4
150 79 0
151 199 4
152 204 5
153 205 4
154 100 1
155 210 5
156 211 4
157 216 5
158 226 1
159 80 0
160 81 0
161 217 4
162 217 2
163 229 1
164 232 1
165 153 0
166 222 5
167 221 3
168 235 1
169 222 2
170 142 2
171 226 3
172 227 2
173 106 0
174 238 1
175 107 0
176 241 1
177 147 0
178 148 0
179 149 0
180 150 0
181 154 0
182 244 1
183 231 3
184 223 4
185 232 2
186 228 5
187 236 3
188 247 1
189 237 2
190 241 3
191 88 0
192 250 1
193 157 0
194 242 2
195 82 0
196 132 5
197 83 0
198 253 1
199 84 0
200 85 0
201 256 1
202 1 4
203 7 2
204 12 2
205 12 0
206 18 5
207 24 5
208 27 2
209 229 4
210 111 3
211 31 3
212 52 1
213 36 3
214 31 0
215 30 0
216 61 4
217 234 5
218 259 1
219 67 1
220 61 3
221 36 0
222 86 0
223 40 0
224 70 1
225 17 2
226 262 1
227 137 2
228 87 0
229 89 0
230 52 2
231 235 4
232 41 0
233 240 5
234 265 1
235 116 3
236 51 3
237 246 3
238 22 0
239 121 4
240 62 2
241 22 2
242 32 0
243 268 1
244 28 1
245 241 4
246 90 0
247 246 5
248 50 0
249 109 1
250 91 0
251 166 1
252 92 0
253 40 1
254 124 1
255 247 2
256 247 4
257 252 5
258 93 0
259 109 4
260 94 0
261 251 3
262 127 1
263 95 0
264 252 2
265 253 4
266 64 1
267 96 0
268 98 0
269 256 3
270 102 5
271 271 1
272 257 2
273 57 2
274 258 5
275 43 4
276 259 4
277 261 3
278 127 2
279 56 3
280 274 1
281 34 1
282 262 2
283 266 3
284 139 4
285 99 0
286 39 0
287 100 0
288 277 1
289 76 3
290 157 2
291 122 2
292 136 3
293 264 5
294 97 4
295 94 1
296 169 0
297 127 0
298 267 2
299 271 3
300 280 1
301 107 2
302 101 0
303 102 0
304 265 4
305 272 2
306 82 1
307 283 1
308 270 5
309 77 2
310 271 4
311 276 5
312 106 3
313 276 3
314 277 4
315 68 0
316 121 1
317 286 1
318 277 2
319 73 0
320 88 1
321 289 1
322 282 5
323 97 1
324 292 1
325 145 0
326 82 2
327 103 0
328 283 4
329 104 0
330 288 5
331 289 4
332 281 3
333 163 1
334 105 0
335 282 2
336 286 3
337 108 0
338 294 5
339 295 4
340 300 5
341 301 4
342 287 2
343 109 0
344 157 1
345 291 3
346 292 2
347 295 1
348 86 3
349 298 1
350 148 1
351 301 1
352 306 5
353 296 3
354 307 4
355 312 5
356 110 0
357 297 2
358 111 0
359 304 1
360 313 4
361 318 5
362 112 0
363 319 4
364 307 1
365 310 1
366 313 1
367 316 1
368 301 3
369 319 1
370 322 1
371 124 0
372 113 0
373 302 2
374 114 0
375 325 1
376 324 5
377 325 4
378 116 0
379 328 1
380 331 1
381 330 5
382 334 1
383 306 3
384 307 2
385 337 1
386 311 3
387 117 0
388 312 2
389 118 0
390 331 4
391 336 5
392 316 3
393 102 2
394 340 1
395 343 1
396 119 0
397 337 4
398 342 5
399 343 4
400 166 0
401 1 2
402 6 5
403 6 0
404 12 5
405 19 1
406 348 5
407 23 0
408 61 1
409 25 4
410 22 1
411 24 0
412 25 0
413 97 2
414 90 5
415 30 5
416 41 3
417 114 5
418 26 3
419 317 2
420 26 0
421 321 3
422 132 2
423 37 1
424 7 4
425 322 2
426 37 4
427 91 3
428 154 1
429 31 1
430 349 4
431 33 0
432 32 2
433 121 3
434 43 1
435 145 1
436 346 1
437 326 3
438 78 5
439 354 5
440 38 0
441 115 1
442 37 0
443 72 5
444 133 4
445 66 5
446 131 3
447 349 1
448 355 4
449 34 0
450 327 2
451 331 3
452 352 1
453 332 2
454 133 1
455 120 0
456 355 1
457 47 2
458 360 5
459 42 5
460 358 1
461 336 3
462 361 4
463 84 5
464 52 0
465 46 1
466 361 1
467 121 0
468 48 0
469 108 5
470 46 0
471 366 5
472 367 4
473 337 2
474 341 3
475 372 5
476 67 2
477 373 4
478 73 1
479 122 0
480 342 2
481 364 1
482 51 0
483 346 3
484 65 0
485 115 4
486 378 5
487 379 4
488 106 1
489 49 1
490 347 2
491 384 5
492 139 1
493 385 4
494 123 0
495 390 5
496 73 4
497 125 0
498 76 1
499 367 1
500 81 3
501 391 4
502 396 5
503 63 0
504 72 0
505 57 0
506 71 3
507 126 0
508 370 1
509 66 3
510 373 1
511 139 0
512 397 4
513 87 2
514 376 1
515 128 0
516 351 3
517 79 1
518 352 2
519 379 1
520 402 5
521 356 3
522 382 1
523 385 1
524 388 1
525 403 4
526 129 0
527 391 1
528 130 0
529 394 1
530 112 2
531 59 0
532 357 2
533 408 5
534 132 0
535 133 0
536 361 3
537 134 0
538 135 0
539 136 0
540 142 1
541 362 2
542 141 3
543 169 1
544 146 0
545 397 1
546 155 0
547 137 0
548 138 0
549 409 4
550 156 3
551 414 5
552 140 0
553 79 4
554 415 4
555 400 1
556 403 1
557 366 3
558 406 1
559 420 5
560 141 0
561 421 4
562 172 0
563 367 2
564 409 1
565 158 0
566 159 0
567 160 0
568 412 1
569 415 1
570 418 1
571 421 1
572 426 5
573 371 3
574 427 4
575 142 0
576 372 2
577 432 5
578 433 4
579 143 0
580 424 1
581 438 5
582 427 1
583 430 1
584 439 4
585 161 0
586 162 0
587 433 1
588 436 1
589 439 1
590 163 0
591 444 5
592 376 3
593 377 2
594 442 1
595 445 1
596 448 1
597 445 4
598 450 5
599 381 3
600 451 4
