// The next line is the dfg name
random6_4type_uniform
// The next lines are FU parameters given as:
// <FU type>  <resource constraint>  <# of FUs used>  <FU delay>
ADD 4 4 1
MUL 11 11 3
DIV 19 19 5
SQRT 23 23 6
actual latency 131
0 1 4
1 4 0
2 5 37
3 11 9
4 91 15
5 13 3
6 11 3
7 34 33
8 11 0
9 11 12
10 11 54
11 11 1
12 95 8
13 12 16
14 39 6
15 47 17
16 15 47
17 37 0
18 47 18
19 90 38
20 12 17
21 12 4
22 12 0
23 12 13
24 15 48
25 16 52
26 45 44
27 17 37
28 13 29
29 37 1
30 13 34
31 28 30
32 88 0
33 13 35
34 13 21
35 17 12
36 48 20
37 43 26
38 48 21
39 48 22
40 17 1
41 17 18
42 49 1
43 49 2
44 15 45
45 48 23
46 45 45
47 45 46
48 12 38
49 48 24
50 18 4
51 23 20
52 23 12
53 38 42
54 23 55
55 51 5
56 48 25
57 20 36
58 51 6
59 18 6
60 51 13
61 48 14
62 21 45
63 18 30
64 18 5
65 38 3
66 48 26
67 49 3
68 21 14
69 50 12
70 22 17
71 21 5
72 21 43
73 48 27
74 51 1
75 51 2
76 48 28
77 51 14
78 21 0
79 44 32
80 53 9
81 39 45
82 45 47
83 53 10
84 28 23
85 22 51
86 48 29
87 45 48
88 53 11
89 48 30
90 23 29
91 50 3
92 48 31
93 51 3
94 46 50
95 52 1
96 46 51
97 46 52
98 49 33
99 41 1
100 53 12
101 52 2
102 48 4
103 52 17
104 52 3
105 27 44
106 47 53
107 27 5
108 27 46
109 54 5
110 52 18
111 47 54
112 53 1
113 54 6
114 53 20
115 47 55
116 53 2
117 23 10
118 24 38
119 54 13
120 23 53
121 25 3
122 53 3
123 25 7
124 53 21
125 54 1
126 44 0
127 53 22
128 47 56
129 46 0
130 53 23
131 54 14
132 54 2
133 54 3
134 42 14
135 27 2
136 30 13
137 49 35
138 27 17
139 28 20
140 32 11
141 33 19
142 56 9
143 49 39
144 28 24
145 50 40
146 24 2
147 53 24
148 50 41
149 56 10
150 50 42
151 53 25
152 36 3
153 56 11
154 51 44
155 25 2
156 53 26
157 51 45
158 53 27
159 56 12
160 55 1
161 51 46
162 51 47
163 51 48
164 52 50
165 52 51
166 41 12
167 57 5
168 55 2
169 57 6
170 52 52
171 53 53
172 30 1
173 55 3
174 53 28
175 57 13
176 57 14
177 56 1
178 53 54
179 53 55
180 56 2
181 53 29
182 53 30
183 35 8
184 56 3
185 59 9
186 47 9
187 57 1
188 38 1
189 26 2
190 57 2
191 59 10
192 53 31
193 57 17
194 57 3
195 57 18
196 53 56
197 58 20
198 58 21
199 55 35
200 21 4
201 59 11
202 55 39
203 58 1
204 27 47
205 43 1
206 59 12
207 60 5
208 58 22
209 58 23
210 56 40
211 56 41
212 60 6
213 28 26
214 60 13
215 60 14
216 56 42
217 58 2
218 57 44
219 62 9
220 62 10
221 58 3
222 59 1
223 62 11
224 38 19
225 58 24
226 58 25
227 47 1
228 62 12
229 59 2
230 58 26
231 63 5
232 24 1
233 57 45
234 57 46
235 63 6
236 63 13
237 57 47
238 25 39
239 58 27
240 63 14
241 33 2
242 57 48
243 58 28
244 59 3
245 60 1
246 60 2
247 58 50
248 58 51
249 58 52
250 65 9
251 59 53
252 59 54
253 65 10
254 59 55
255 60 3
256 61 1
257 59 56
258 61 2
259 65 11
260 65 12
261 33 13
262 58 29
263 61 3
264 61 35
265 61 39
266 58 30
267 66 5
268 62 40
269 62 41
270 66 6
271 62 42
272 62 1
273 62 2
274 58 31
275 63 44
276 62 3
277 63 1
278 63 45
279 63 2
280 63 3
281 64 1
282 66 13
283 64 2
284 59 33
285 63 46
286 63 47
287 63 48
288 64 50
289 64 3
290 65 1
291 62 17
292 62 18
293 63 20
294 66 14
295 63 21
296 65 2
297 64 51
298 63 22
299 63 23
300 64 52
301 68 9
302 1 34
303 7 34
304 13 7
305 13 19
306 68 10
307 16 51
308 16 0
309 28 50
310 17 17
311 16 49
312 16 15
313 30 14
314 18 2
315 65 53
316 37 39
317 18 0
318 23 9
319 63 24
320 21 6
321 65 3
322 33 6
323 21 44
324 21 15
325 19 35
326 19 1
327 23 26
328 20 8
329 19 0
330 66 1
331 19 34
332 26 36
333 66 2
334 45 13
335 19 32
336 32 10
337 23 8
338 68 11
339 63 25
340 26 8
341 25 0
342 63 26
343 24 33
344 68 12
345 24 32
346 26 42
347 7 18
348 20 11
349 63 27
350 69 5
351 37 18
352 65 54
353 14 3
354 40 51
355 29 2
356 29 33
357 18 14
358 31 34
359 33 26
360 33 46
361 66 3
362 65 55
363 40 50
364 26 15
365 31 7
366 49 7
367 63 28
368 69 6
369 65 56
370 41 37
371 31 0
372 31 35
373 33 47
374 67 35
375 29 53
376 63 29
377 30 3
378 39 2
379 29 32
380 67 39
381 63 30
382 63 31
383 29 0
384 30 0
385 45 6
386 50 8
387 29 37
388 68 40
389 69 13
390 68 41
391 69 14
392 33 14
393 30 38
394 71 9
395 67 1
396 32 16
397 68 42
398 67 2
399 69 44
400 67 3
401 69 45
402 32 0
403 64 33
404 68 1
405 26 12
406 37 35
407 69 46
408 67 17
409 34 32
410 67 18
411 69 47
412 69 48
413 68 2
414 26 0
415 25 35
416 70 50
417 26 3
418 71 10
419 27 45
420 68 3
421 26 1
422 26 40
423 68 20
424 70 51
425 71 11
426 28 22
427 27 0
428 27 1
429 68 21
430 69 1
431 35 37
432 71 12
433 72 5
434 36 5
435 68 22
436 70 52
437 17 2
438 72 6
439 71 53
440 36 6
441 34 7
442 72 13
443 68 23
444 33 25
445 68 24
446 71 54
447 71 55
448 69 2
449 69 3
450 34 50
451 71 56
452 72 14
453 73 35
454 68 25
455 73 39
456 34 3
457 70 1
458 70 2
459 18 31
460 68 26
461 68 27
462 38 23
463 21 48
464 68 28
465 68 29
466 21 2
467 37 7
468 38 9
469 74 40
470 70 3
471 74 9
472 74 41
473 71 1
474 35 54
475 68 30
476 71 2
477 35 3
478 74 10
479 68 31
480 40 49
481 74 11
482 69 33
483 41 15
484 72 17
485 74 12
486 75 5
487 72 18
488 73 20
489 73 21
490 74 42
491 36 0
492 37 34
493 75 6
494 71 3
495 75 44
496 75 45
497 73 22
498 73 23
499 72 1
500 75 46
501 75 13
502 73 24
503 75 47
504 73 25
505 73 26
506 75 48
507 76 50
508 75 14
509 73 27
510 77 9
511 72 2
512 76 51
513 30 2
514 36 14
515 28 31
516 47 8
517 46 7
518 72 3
519 77 10
520 73 1
521 73 28
522 76 52
523 32 12
524 73 29
525 37 2
526 77 53
527 77 11
528 73 2
529 73 30
530 77 54
531 73 3
532 77 55
533 77 56
534 79 35
535 73 31
536 79 39
537 77 12
538 74 33
539 78 5
540 74 1
541 78 6
542 77 17
543 77 18
544 78 20
545 80 40
546 78 13
547 74 2
548 80 41
549 78 14
550 78 21
551 80 9
552 80 10
553 78 22
554 33 27
555 74 3
556 80 11
557 78 23
558 50 0
559 78 24
560 75 1
561 75 2
562 78 25
563 80 12
564 75 3
565 78 26
566 78 27
567 81 5
568 80 42
569 78 28
570 76 1
571 81 6
572 81 13
573 81 44
574 76 2
575 78 29
576 43 19
577 81 45
578 81 46
579 76 3
580 81 47
581 78 30
582 77 1
583 81 14
584 78 31
585 77 2
586 81 48
587 83 9
588 79 33
589 82 50
590 82 51
591 82 52
592 77 3
593 82 17
594 83 53
595 78 1
596 83 10
597 83 54
598 82 18
599 83 55
600 83 56
601 78 2
602 83 11
603 83 12
604 83 20
605 85 35
606 83 21
607 1 35
608 7 16
609 7 3
610 7 0
611 7 35
612 7 17
613 12 2
614 8 8
615 8 40
616 8 12
617 8 36
618 8 26
619 8 30
620 8 10
621 8 31
622 13 24
623 14 32
624 11 56
625 47 2
626 12 14
627 14 2
628 11 15
629 13 30
630 11 8
631 11 10
632 39 48
633 16 7
634 83 22
635 15 5
636 14 11
637 85 39
638 13 2
639 14 42
640 78 3
641 15 43
642 14 12
643 15 2
644 19 7
645 84 5
646 84 6
647 39 3
648 19 33
649 39 13
650 79 1
651 86 40
652 35 10
653 84 13
654 23 2
655 24 6
656 22 50
657 79 2
658 79 3
659 80 1
660 86 41
661 84 14
662 38 40
663 83 23
664 86 9
665 43 34
666 11 55
667 11 2
668 86 10
669 86 42
670 12 1
671 14 33
672 20 1
673 86 11
674 21 13
675 14 1
676 35 12
677 13 23
678 26 11
679 86 12
680 23 30
681 19 2
682 80 2
683 34 49
684 83 24
685 15 3
686 80 3
687 16 2
688 87 44
689 87 45
690 15 1
691 81 1
692 87 46
693 17 55
694 20 42
695 83 25
696 27 3
697 87 5
698 46 3
699 44 41
700 87 6
701 81 2
702 27 14
703 23 56
704 83 26
705 40 1
706 81 3
707 83 27
708 28 7
709 35 11
710 28 1
711 28 2
712 87 47
713 45 5
714 17 11
715 87 13
716 83 28
717 39 32
718 44 42
719 83 29
720 29 1
721 33 28
722 29 54
723 87 14
724 28 28
725 82 1
726 20 41
727 87 48
728 29 11
729 88 50
730 82 2
731 18 29
732 43 39
733 21 47
734 18 26
735 88 51
736 82 3
737 50 9
738 40 2
739 43 35
740 88 52
741 89 9
742 39 14
743 89 53
744 18 27
745 89 10
746 83 30
747 83 31
748 89 11
749 83 1
750 84 33
751 89 54
752 35 0
753 32 17
754 87 17
755 89 55
756 83 2
757 89 12
758 83 3
759 90 5
760 89 56
761 84 1
762 91 34
763 41 56
764 84 2
765 29 55
766 84 3
767 38 21
768 38 11
769 38 30
770 40 3
771 85 1
772 87 18
773 85 2
774 88 20
775 90 6
776 36 1
777 13 1
778 88 21
779 15 14
780 88 22
781 91 35
782 85 3
783 44 12
784 17 10
785 41 55
786 31 39
787 48 13
788 90 13
789 31 15
790 14 36
791 86 1
792 90 14
793 36 38
794 38 22
795 46 2
796 86 2
797 86 3
798 33 3
799 91 39
800 92 36
801 88 23
802 41 54
803 38 28
804 87 1
805 87 2
806 17 9
807 92 40
808 87 3
809 88 24
810 92 9
811 88 1
812 92 41
813 92 10
814 92 11
815 88 2
816 88 25
817 38 27
818 45 3
819 41 10
820 92 12
821 92 42
822 38 12
823 88 3
824 88 26
825 93 5
826 89 0
827 93 43
828 44 33
829 93 44
830 88 27
831 88 28
832 93 6
833 88 29
834 89 1
835 89 2
836 93 45
837 20 2
838 93 46
839 93 47
840 20 10
841 93 48
842 38 26
843 45 43
844 94 49
845 88 30
846 30 5
847 93 13
848 88 31
849 89 3
850 90 0
851 93 14
852 94 50
853 43 21
854 90 1
855 89 33
856 90 2
857 92 16
858 46 49
859 95 9
860 95 10
861 94 51
862 92 17
863 95 11
864 95 12
865 92 18
866 94 52
867 93 19
868 95 37
869 47 37
870 90 3
871 93 20
872 91 0
873 91 1
874 95 53
875 93 21
876 96 4
877 95 54
878 91 2
879 95 55
880 95 56
881 96 38
882 91 3
883 92 0
884 93 22
885 93 23
886 49 34
887 96 5
888 96 6
889 92 1
890 96 13
891 97 34
892 92 2
893 93 24
894 92 3
895 50 36
896 97 35
897 93 0
898 93 1
899 93 2
900 96 14
901 97 7
902 98 8
903 93 3
904 51 43
905 94 0
906 97 39
907 51 0
908 1 15
909 6 4
910 9 32
911 6 15
912 14 8
913 17 16
914 22 2
915 22 0
916 22 1
917 23 11
918 98 36
919 22 49
920 93 25
921 22 7
922 47 3
923 23 19
924 6 38
925 28 19
926 43 24
927 33 0
928 49 0
929 33 20
930 33 43
931 9 5
932 39 47
933 98 9
934 23 0
935 98 10
936 93 26
937 23 21
938 34 0
939 52 0
940 28 3
941 31 3
942 28 0
943 28 49
944 52 49
945 24 4
946 12 6
947 16 1
948 50 1
949 27 4
950 27 43
951 48 6
952 46 15
953 48 2
954 98 11
955 98 40
956 33 44
957 33 4
958 37 17
959 93 27
960 37 16
961 41 2
962 35 53
963 53 37
964 32 40
965 34 2
966 98 41
967 47 16
968 53 0
969 94 1
970 54 0
971 29 8
972 32 36
973 94 2
974 33 45
975 54 38
976 48 19
977 38 8
978 41 11
979 39 46
980 38 20
981 93 28
982 45 14
983 55 0
984 93 29
985 39 4
986 93 30
987 98 12
988 39 0
989 55 34
990 29 12
991 26 9
992 43 22
993 41 0
994 99 4
995 56 36
996 36 2
997 33 22
998 32 8
999 33 23
1000 32 2
1001 98 42
1002 48 5
1003 99 5
1004 94 3
1005 36 4
1006 99 6
1007 56 0
1008 99 13
1009 32 42
1010 57 43
1011 99 43
1012 93 31
1013 42 16
1014 42 4
1015 99 44
1016 99 14
1017 100 7
1018 58 49
1019 43 20
1020 94 32
1021 95 0
1022 94 33
1023 101 8
1024 99 45
1025 28 29
1026 11 11
1027 59 37
1028 48 1
1029 38 0
1030 101 9
1031 57 0
1032 43 0
1033 49 32
1034 96 15
1035 95 1
1036 101 10
1037 58 0
1038 99 46
1039 39 43
1040 36 15
1041 61 34
1042 43 31
1043 95 2
1044 60 38
1045 99 47
1046 35 9
1047 35 2
1048 95 3
1049 101 11
1050 62 36
1051 42 18
1052 42 13
1053 51 15
1054 50 10
1055 51 4
1056 101 12
1057 99 48
1058 52 16
1059 96 0
1060 52 7
1061 63 43
1062 53 19
1063 53 8
1064 100 49
1065 100 50
1066 102 4
1067 97 16
1068 54 4
1069 96 1
1070 38 36
1071 33 24
1072 97 17
1073 97 18
1074 98 19
1075 98 20
1076 56 15
1077 45 2
1078 59 0
1079 64 49
1080 54 33
1081 102 5
1082 57 16
1083 58 19
1084 98 21
1085 56 8
1086 96 2
1087 98 22
1088 60 0
1089 96 3
1090 61 0
1091 41 8
1092 55 7
1093 100 51
1094 97 0
1095 102 6
1096 42 17
1097 42 38
1098 65 37
1099 102 13
1100 57 4
1101 98 23
1102 100 52
1103 98 24
1104 98 25
1105 62 0
1106 102 14
1107 45 4
1108 62 16
1109 66 38
1110 59 32
1111 67 34
1112 58 7
1113 61 15
1114 97 1
1115 44 36
1116 98 26
1117 68 36
1118 44 40
1119 63 0
1120 103 7
1121 97 2
1122 101 37
1123 69 43
1124 101 53
1125 63 19
1126 48 38
1127 98 27
1128 104 8
1129 64 0
1130 101 54
1131 97 3
1132 98 28
1133 59 8
1134 39 1
1135 104 9
1136 60 4
1137 104 10
1138 98 29
1139 47 0
1140 54 32
1141 43 30
1142 65 0
1143 70 49
1144 98 30
1145 98 31
1146 101 55
1147 71 37
1148 62 8
1149 61 7
1150 104 11
1151 64 32
1152 101 56
1153 66 15
1154 73 34
1155 48 0
1156 104 12
1157 72 38
1158 63 4
1159 105 4
1160 102 38
1161 74 36
1162 103 34
1163 98 0
1164 67 16
1165 75 43
1166 66 0
1167 64 7
1168 98 1
1169 67 0
1170 65 8
1171 105 5
1172 68 19
1173 66 4
1174 105 6
1175 99 32
1176 103 35
1177 103 39
1178 68 8
1179 98 2
1180 99 33
1181 67 7
1182 105 13
1183 68 0
1184 98 3
1185 69 0
1186 101 15
1187 99 0
1188 70 0
1189 105 14
1190 99 1
1191 69 4
1192 106 7
1193 70 7
1194 71 0
1195 99 2
1196 102 16
1197 72 0
1198 99 3
1199 76 49
1200 71 8
1201 102 17
1202 104 36
1203 73 0
1204 77 37
1205 100 0
1206 72 16
1207 104 40
1208 107 8
1209 1 16
1210 6 0
1211 7 1
1212 7 39
1213 7 2
1214 8 27
1215 8 9
1216 8 23
1217 35 55
1218 11 37
1219 46 1
1220 8 22
1221 10 0
1222 8 1
1223 8 20
1224 8 29
1225 8 21
1226 8 3
1227 13 26
1228 7 7
1229 38 25
1230 13 27
1231 13 25
1232 9 14
1233 9 44
1234 69 32
1235 71 15
1236 8 25
1237 18 21
1238 26 10
1239 13 22
1240 78 38
1241 13 0
1242 9 4
1243 10 1
1244 9 13
1245 9 45
1246 102 18
1247 9 6
1248 9 2
1249 18 3
1250 14 9
1251 14 10
1252 20 40
1253 47 12
1254 18 22
1255 74 0
1256 17 53
1257 17 0
1258 79 34
1259 18 24
1260 9 46
1261 100 1
1262 17 8
1263 38 24
1264 80 36
1265 17 54
1266 43 29
1267 12 3
1268 24 5
1269 75 0
1270 10 51
1271 15 13
1272 73 19
1273 104 41
1274 21 3
1275 100 2
1276 76 0
1277 81 43
1278 17 3
1279 103 19
1280 15 6
1281 25 34
1282 45 1
1283 19 39
1284 104 42
1285 72 4
1286 12 18
1287 100 3
1288 15 46
1289 12 5
1290 77 0
1291 41 53
1292 105 43
1293 107 9
1294 101 0
1295 78 0
1296 31 1
1297 20 9
1298 101 1
1299 27 18
1300 103 20
1301 23 28
1302 79 0
1303 101 2
1304 34 52
1305 74 8
1306 23 22
1307 45 0
1308 80 0
1309 44 11
1310 101 3
1311 34 51
1312 103 21
1313 81 0
1314 102 0
1315 40 0
1316 73 7
1317 13 39
1318 42 6
1319 82 0
1320 8 42
1321 17 56
1322 82 49
1323 23 1
1324 105 44
1325 107 10
1326 27 6
1327 39 44
1328 107 11
1329 75 4
1330 14 41
1331 102 1
1332 43 28
1333 107 12
1334 41 3
1335 20 0
1336 18 1
1337 83 37
1338 21 46
1339 105 45
1340 103 22
1341 85 34
1342 84 38
1343 83 0
1344 76 7
1345 23 24
1346 103 23
1347 6 5
1348 105 46
1349 18 13
1350 34 1
1351 77 8
1352 86 36
1353 28 52
1354 108 4
1355 78 4
1356 24 0
1357 105 47
1358 74 32
1359 108 5
1360 43 27
1361 80 8
1362 76 15
1363 28 25
1364 102 2
1365 79 7
1366 25 1
1367 28 51
1368 77 16
1369 26 41
1370 78 19
1371 87 43
1372 84 0
1373 108 6
1374 105 48
1375 103 24
1376 33 1
1377 108 13
1378 103 25
1379 81 4
1380 30 4
1381 108 14
1382 82 7
1383 22 18
1384 106 49
1385 83 8
1386 109 7
1387 88 49
1388 106 50
1389 84 4
1390 110 8
1391 43 25
1392 102 3
1393 89 37
1394 85 0
1395 86 8
1396 85 7
1397 32 41
1398 103 26
1399 103 0
1400 86 0
1401 110 9
1402 106 51
1403 103 1
1404 103 27
1405 110 10
1406 44 3
1407 106 52
1408 87 0
1409 103 28
1410 82 16
1411 87 4
1412 79 32
1413 81 15
1414 40 52
1415 110 11
1416 38 41
1417 44 10
1418 103 2
1419 107 37
1420 107 53
1421 23 31
1422 88 7
1423 103 3
1424 103 29
1425 83 19
1426 104 0
1427 15 44
1428 89 8
1429 110 12
1430 107 54
1431 104 1
1432 104 2
1433 104 3
1434 103 30
1435 107 55
1436 107 56
1437 108 38
1438 105 0
1439 23 23
1440 103 31
1441 90 4
1442 109 34
1443 105 1
1444 104 32
1445 109 35
1446 111 4
1447 92 8
1448 91 7
1449 104 33
1450 109 39
1451 6 6
1452 111 5
1453 110 36
1454 110 40
1455 110 41
1456 105 2
1457 110 42
1458 111 43
1459 111 6
1460 111 44
1461 41 9
1462 106 15
1463 105 3
1464 106 0
1465 84 32
1466 86 15
1467 93 4
1468 106 1
1469 42 3
1470 87 16
1471 106 2
1472 111 45
1473 106 3
1474 107 0
1475 32 3
1476 111 46
1477 107 1
1478 111 13
1479 111 47
1480 88 19
1481 94 7
1482 111 14
1483 111 48
1484 107 2
1485 107 16
1486 107 17
1487 107 3
1488 107 18
1489 31 2
1490 112 7
1491 108 19
1492 113 8
1493 108 0
1494 113 9
1495 108 1
1496 108 20
1497 113 10
1498 112 49
1499 108 21
1500 108 2
1501 113 11
1502 112 50
1503 113 12
1504 89 32
1505 114 4
1506 108 3
1507 114 5
1508 108 22
1509 112 51
1510 109 0
1511 114 6
1512 112 52
1513 114 13
1514 1 0
1515 2 36
1516 2 5
1517 9 0
1518 8 0
1519 8 2
1520 8 19
1521 9 3
1522 8 11
1523 8 28
1524 8 24
1525 8 41
1526 9 33
1527 10 7
1528 13 20
1529 13 28
1530 109 1
1531 18 19
1532 109 2
1533 18 23
1534 21 1
1535 114 14
1536 42 2
1537 11 53
1538 10 2
1539 23 37
1540 42 1
1541 9 47
1542 9 1
1543 9 43
1544 9 48
1545 108 23
1546 108 24
1547 108 25
1548 39 5
1549 40 7
1550 14 40
1551 115 7
1552 116 8
1553 14 0
1554 29 10
1555 29 9
1556 29 56
1557 113 37
1558 116 9
1559 29 3
1560 15 0
1561 108 26
1562 15 4
1563 108 27
1564 116 10
1565 116 11
1566 44 9
1567 16 3
1568 33 31
1569 20 3
1570 108 28
1571 47 11
1572 27 48
1573 18 28
1574 18 38
1575 18 20
1576 19 3
1577 35 1
1578 113 53
1579 24 14
1580 109 3
1581 28 21
1582 116 12
1583 110 0
1584 117 4
1585 27 16
1586 113 54
1587 117 5
1588 33 29
1589 110 1
1590 108 29
1591 42 0
1592 44 2
1593 108 30
1594 108 31
1595 16 50
1596 109 32
1597 110 2
1598 109 33
1599 110 3
1600 111 0
1601 33 21
1602 32 18
1603 113 55
1604 44 1
1605 113 56
1606 111 15
1607 42 5
1608 111 1
1609 117 6
1610 112 16
1611 112 17
1612 114 38
1613 47 10
1614 32 9
1615 32 1
1616 43 23
1617 111 2
1618 111 3
1619 23 27
1620 112 18
1621 22 52
1622 22 3
1623 113 19
1624 113 20
1625 113 21
1626 22 16
1627 23 54
1628 112 0
1629 33 30
1630 13 31
1631 117 13
1632 113 22
1633 115 34
1634 113 23
1635 36 13
1636 113 24
1637 115 35
1638 112 1
1639 38 2
1640 37 3
1641 112 2
1642 113 25
1643 18 25
1644 112 3
1645 44 8
1646 117 14
1647 23 3
1648 24 13
1649 113 0
1650 43 3
1651 118 7
1652 115 39
1653 119 8
1654 28 27
1655 116 36
1656 113 26
1657 113 1
1658 39 33
1659 113 27
1660 113 2
1661 119 9
1662 35 56
1663 113 3
1664 116 40
1665 116 41
1666 43 7
1667 119 10
1668 113 28
1669 116 42
1670 113 29
1671 114 0
1672 119 11
1673 38 10
1674 113 30
1675 113 31
1676 114 1
1677 117 43
1678 33 5
1679 114 32
1680 119 12
1681 114 2
1682 114 33
1683 33 48
1684 120 4
1685 117 44
1686 120 5
1687 116 15
1688 114 3
1689 120 6
1690 117 16
1691 30 6
1692 117 17
1693 120 13
1694 120 14
1695 121 7
1696 122 8
1697 20 12
1698 115 0
1699 122 9
1700 117 18
1701 118 19
1702 117 45
1703 122 10
1704 118 20
1705 118 21
1706 122 11
1707 118 22
1708 10 49
1709 122 12
1710 118 23
1711 118 24
1712 10 3
1713 117 46
1714 118 25
1715 117 47
1716 123 4
1717 38 29
1718 118 26
1719 118 27
1720 38 31
1721 118 28
1722 123 5
1723 23 25
1724 115 1
1725 24 3
1726 118 29
1727 118 30
1728 118 31
1729 117 48
1730 119 32
1731 10 50
1732 123 6
1733 123 13
1734 10 52
1735 123 14
1736 124 7
1737 119 33
1738 118 49
1739 115 2
1740 125 8
1741 118 50
1742 125 9
1743 121 15
1744 118 51
1745 125 10
1746 125 11
1747 115 3
1748 125 12
1749 116 0
1750 122 16
1751 122 17
1752 118 52
1753 119 37
1754 119 53
1755 43 2
1756 126 4
1757 122 18
1758 123 19
1759 116 1
1760 119 54
1761 119 55
1762 116 2
1763 119 56
1764 126 5
1765 120 38
1766 126 6
1767 123 20
1768 123 21
1769 121 34
1770 126 13
1771 123 22
1772 123 23
1773 27 13
1774 121 35
1775 126 14
1776 127 7
1777 121 39
1778 128 8
1779 116 3
1780 123 24
1781 122 36
1782 123 25
1783 117 0
1784 128 9
1785 117 1
1786 123 26
1787 128 10
1788 122 40
1789 117 2
1790 128 11
1791 128 12
1792 122 41
1793 129 4
1794 117 3
1795 129 5
1796 122 42
1797 118 0
1798 118 1
1799 123 43
1800 118 2
1801 50 11
1802 118 3
1803 123 44
1804 119 0
1805 123 27
1806 119 1
1807 50 2
1808 123 45
1809 48 3
1810 123 28
1811 123 46
