// The next line is the dfg name
random3_4type_invdelay
// The next lines are FU parameters given as:
// <FU type>  <resource constraint>  <# of FUs used>  <FU delay>
ADD 5 5 1
MUL 5 5 3
DIV 5 5 5
SQRT 5 5 6
actual latency 102
0 1 15
1 8 5
2 11 5
3 14 5
4 14 0
5 14 1
6 17 5
7 17 6
8 20 0
9 20 2
10 21 13
11 21 17
12 21 1
13 24 11
14 22 0
15 26 1
16 48 2
17 26 5
18 43 15
19 48 3
20 26 4
21 26 16
22 26 0
23 29 2
24 29 1
25 27 3
26 27 0
27 27 10
28 32 16
29 28 0
30 47 3
31 30 0
32 30 4
33 31 1
34 31 14
35 32 6
36 29 5
37 29 0
38 29 3
39 32 1
40 32 3
41 32 0
42 32 5
43 32 2
44 27 2
45 93 3
46 95 5
47 35 0
48 33 17
49 33 3
50 33 4
51 32 10
52 98 0
53 36 14
54 31 0
55 31 2
56 53 5
57 35 6
58 33 1
59 35 3
60 34 11
61 35 18
62 35 8
63 33 2
64 35 7
65 33 0
66 36 13
67 36 1
68 36 2
69 38 7
70 37 15
71 38 9
72 36 0
73 36 3
74 39 11
75 39 2
76 42 3
77 38 1
78 42 4
79 21 2
80 28 2
81 43 0
82 44 9
83 44 11
84 43 1
85 50 12
86 35 5
87 34 0
88 34 1
89 41 8
90 22 3
91 22 4
92 37 1
93 42 2
94 38 16
95 47 1
96 29 8
97 37 3
98 37 2
99 37 4
100 39 3
101 37 10
102 38 6
103 39 4
104 37 0
105 40 0
106 43 2
107 50 6
108 43 3
109 43 4
110 38 0
111 39 0
112 39 1
113 21 3
114 44 16
115 44 1
116 44 5
117 46 13
118 45 17
119 44 0
120 46 14
121 44 6
122 41 18
123 38 5
124 40 1
125 41 9
126 40 2
127 40 3
128 40 4
129 50 5
130 41 6
131 41 13
132 41 7
133 41 1
134 41 2
135 41 3
136 41 4
137 42 1
138 41 0
139 47 6
140 68 4
141 49 0
142 49 1
143 49 2
144 49 3
145 46 0
146 44 2
147 44 3
148 44 4
149 45 0
150 47 10
151 45 1
152 45 2
153 45 3
154 49 11
155 45 12
156 35 12
157 40 12
158 41 5
159 46 4
160 45 4
161 38 2
162 38 8
163 38 3
164 38 4
165 29 19
166 41 14
167 28 3
168 42 10
169 28 4
170 31 3
171 31 15
172 31 4
173 29 6
174 44 7
175 42 0
176 34 2
177 35 9
178 35 19
179 50 7
180 34 3
181 34 4
182 50 8
183 39 17
184 35 1
185 46 1
186 47 18
187 47 7
188 47 8
189 47 19
190 46 2
191 46 3
192 47 9
193 47 5
194 32 4
195 47 0
196 29 9
197 44 8
198 1 5
199 4 1
200 4 0
201 4 11
202 93 1
203 95 2
204 4 3
205 4 2
206 4 4
207 96 1
208 5 12
209 5 2
210 6 3
211 5 0
212 6 4
213 5 7
214 5 4
215 7 3
216 5 9
217 92 8
218 5 6
219 92 2
220 5 19
221 5 3
222 85 12
223 86 13
224 8 9
225 8 2
226 7 1
227 9 2
228 85 3
229 8 7
230 90 1
231 12 4
232 95 12
233 93 17
234 5 1
235 95 18
236 92 3
237 100 0
238 13 1
239 84 3
240 11 3
241 8 4
242 9 3
243 6 13
244 91 2
245 6 14
246 91 3
247 94 11
248 92 6
249 6 0
250 99 0
251 6 2
252 8 16
253 7 15
254 84 11
255 90 12
256 9 17
257 88 2
258 101 0
259 11 19
260 89 18
261 91 4
262 94 4
263 89 19
264 6 1
265 91 15
266 92 7
267 92 0
268 92 4
269 89 5
270 10 3
271 90 2
272 90 3
273 7 0
274 8 1
275 92 16
276 8 8
277 18 4
278 62 4
279 76 2
280 76 3
281 91 13
282 7 4
283 7 2
284 89 9
285 90 4
286 85 15
287 95 1
288 11 18
289 77 10
290 12 2
291 80 1
292 80 2
293 80 3
294 80 4
295 81 2
296 77 8
297 92 1
298 5 18
299 86 3
300 17 8
301 77 19
302 83 7
303 89 7
304 8 3
305 9 4
306 92 5
307 91 14
308 91 0
309 86 16
310 91 1
311 71 19
312 71 3
313 70 12
314 71 4
315 72 0
316 81 3
317 81 4
318 82 0
319 82 1
320 77 9
321 82 2
322 11 14
323 82 3
324 11 0
325 88 3
326 86 14
327 88 4
328 87 10
329 89 0
330 89 1
331 101 1
332 62 2
333 17 3
334 71 7
335 79 15
336 71 8
337 16 13
338 72 1
339 16 14
340 14 16
341 77 18
342 72 2
343 72 3
344 71 9
345 71 13
346 74 5
347 72 4
348 73 0
349 71 14
350 73 1
351 73 2
352 15 12
353 73 3
354 89 2
355 89 3
356 81 17
357 82 4
358 80 5
359 83 1
360 95 6
361 76 4
362 77 1
363 12 10
364 12 0
365 77 2
366 77 5
367 77 3
368 99 6
369 67 10
370 13 15
371 98 5
372 89 8
373 83 18
374 89 11
375 96 13
376 72 10
377 73 4
378 74 1
379 74 2
380 76 14
381 74 3
382 10 12
383 82 10
384 86 4
385 83 8
386 83 9
387 80 16
388 86 6
389 100 7
390 86 7
391 87 0
392 87 1
393 87 2
394 83 0
395 81 0
396 101 3
397 79 11
398 80 6
399 80 7
400 83 2
401 80 12
402 80 8
403 83 3
404 1 1
405 2 0
406 2 10
407 2 16
408 2 7
409 5 8
410 83 19
411 7 10
412 3 17
413 11 8
414 13 2
415 84 2
416 89 4
417 9 11
418 90 0
419 9 1
420 13 3
421 86 8
422 14 2
423 17 4
424 15 3
425 77 6
426 15 4
427 77 4
428 14 4
429 75 12
430 15 17
431 69 0
432 15 0
433 69 1
434 69 2
435 16 4
436 68 9
437 3 0
438 14 3
439 16 0
440 71 1
441 16 2
442 18 3
443 74 9
444 74 4
445 69 17
446 74 6
447 17 1
448 92 10
449 18 0
450 19 4
451 63 0
452 63 1
453 62 5
454 63 2
455 63 3
456 19 11
457 87 3
458 66 0
459 20 5
460 59 9
461 60 2
462 65 9
463 69 3
464 69 4
465 15 1
466 15 2
467 70 0
468 70 1
469 70 2
470 70 3
471 86 9
472 84 1
473 87 4
474 10 2
475 85 4
476 93 4
477 93 2
478 16 1
479 23 19
480 23 5
481 55 15
482 23 6
483 56 9
484 57 0
485 23 7
486 23 4
487 51 1
488 50 16
489 51 2
490 51 17
491 26 3
492 26 13
493 53 8
494 61 15
495 18 1
496 88 0
497 83 5
498 83 6
499 84 4
500 81 14
501 79 4
502 85 1
503 66 1
504 62 9
505 17 18
506 66 2
507 65 18
508 65 5
509 66 3
510 48 4
511 32 7
512 49 4
513 74 11
514 94 1
515 86 2
516 56 16
517 62 10
518 23 0
519 57 1
520 64 11
521 57 2
522 59 5
523 23 2
524 57 3
525 85 0
526 76 13
527 17 7
528 56 13
529 53 1
530 24 0
531 53 2
532 56 14
533 53 3
534 26 6
535 53 9
536 53 7
537 57 10
538 56 5
539 24 2
540 56 6
541 53 4
542 53 19
543 54 0
544 54 1
545 54 2
546 89 6
547 56 0
548 75 0
549 75 1
550 75 2
551 74 7
552 71 18
553 75 3
554 74 8
555 75 4
556 76 0
557 19 3
558 77 0
559 26 7
560 51 3
561 26 8
562 26 9
563 26 14
564 32 8
565 26 2
566 51 4
567 25 0
568 50 0
569 50 1
570 50 2
571 51 13
572 49 15
573 50 3
574 50 4
575 56 1
576 51 14
577 60 3
578 53 18
579 62 16
580 62 0
581 25 12
582 52 10
583 25 1
584 25 2
585 32 9
586 25 3
587 53 6
588 54 11
589 25 4
590 78 0
591 94 0
592 62 6
593 51 0
594 86 0
595 86 1
596 86 5
597 60 4
598 19 15
599 61 0
600 61 1
601 61 2
602 61 3
603 66 13
604 1 0
605 2 6
606 5 5
607 10 4
608 8 0
609 96 14
610 93 0
611 88 1
612 9 0
613 11 7
614 101 2
615 11 6
616 85 2
617 10 1
618 11 4
619 65 8
620 10 0
621 68 1
622 14 6
623 14 8
624 83 4
625 17 2
626 65 6
627 17 0
628 66 4
629 67 0
630 67 1
631 67 2
632 65 7
633 8 6
634 71 5
635 69 11
636 102 1
637 14 9
638 14 11
639 80 0
640 20 7
641 61 4
642 19 0
643 19 2
644 19 1
645 20 6
646 62 1
647 20 1
648 20 3
649 20 4
650 59 3
651 20 8
652 59 4
653 13 4
654 11 13
655 81 13
656 11 2
657 75 17
658 12 3
659 95 3
660 11 9
661 80 9
662 94 3
663 21 0
664 65 12
665 94 2
666 22 2
667 22 1
668 57 4
669 58 0
670 59 6
671 58 1
672 58 2
673 56 8
674 22 10
675 68 5
676 70 4
677 14 7
678 71 6
679 68 6
680 68 7
681 16 3
682 74 0
683 81 1
684 92 9
685 11 1
686 27 4
687 47 4
688 48 0
689 27 1
690 27 17
691 48 1
692 20 16
693 23 3
694 96 0
695 95 0
696 77 7
697 78 1
698 78 2
699 78 3
700 60 1
701 67 3
702 67 4
703 65 19
704 68 2
705 67 15
706 66 14
707 21 4
708 68 16
709 59 0
710 64 4
711 65 0
712 18 2
713 63 17
714 65 1
715 62 7
716 20 12
717 65 2
718 71 0
719 59 11
720 60 12
721 54 3
722 54 4
723 55 0
724 56 7
725 55 1
726 24 1
727 52 0
728 55 12
729 52 1
730 84 0
731 21 14
732 17 9
733 65 3
734 17 10
735 62 3
736 65 4
737 68 3
738 78 4
739 73 15
740 63 4
741 29 11
742 47 2
743 29 7
744 28 1
745 29 18
746 31 13
747 29 4
748 30 12
749 30 1
750 30 2
751 30 3
752 35 4
753 36 4
754 50 9
755 41 19
756 64 0
757 59 18
758 79 0
759 74 16
760 71 2
761 79 1
762 87 17
763 79 2
764 12 1
765 79 3
766 62 8
767 76 1
768 55 2
769 23 1
770 23 8
771 55 3
772 55 4
773 23 9
774 56 2
775 61 13
776 56 3
777 61 14
778 23 18
779 60 0
780 25 15
781 24 3
782 24 4
783 52 2
784 52 3
785 52 4
786 53 0
787 13 0
788 56 4
789 68 0
790 35 2
791 58 3
792 57 17
793 58 4
794 59 1
795 59 2
796 59 7
797 59 8
798 102 0
799 20 9
800 68 8
801 64 1
802 17 19
803 64 2
804 64 3
805 59 19
