// The next line is the dfg name
random6_4type_uniform
// The next lines are FU parameters given as:
// <FU type>  <resource constraint>  <# of FUs used>  <FU delay>
ADD 4 4 1
MUL 11 11 3
DIV 19 19 5
SQRT 23 23 6
actual latency 131
0 1 4
1 4 0
2 5 37
3 11 9
4 91 15
5 16 3
6 15 1
7 13 30
8 11 0
9 11 10
10 11 52
11 11 1
12 95 8
13 12 16
14 43 7
15 44 33
16 17 54
17 49 2
18 47 17
19 90 38
20 12 17
21 12 4
22 12 0
23 12 6
24 15 46
25 34 49
26 45 44
27 17 37
28 14 33
29 51 2
30 13 34
31 39 32
32 13 2
33 13 35
34 13 21
35 15 6
36 47 18
37 23 23
38 52 17
39 52 18
40 17 1
41 17 18
42 17 3
43 88 0
44 25 39
45 53 20
46 45 45
47 45 46
48 16 50
49 53 21
50 18 4
51 23 20
52 23 11
53 41 53
54 23 53
55 51 5
56 53 22
57 20 36
58 51 6
59 18 6
60 51 13
61 24 13
62 20 42
63 18 28
64 18 5
65 49 3
66 53 23
67 59 1
68 30 4
69 52 14
70 22 18
71 21 5
72 21 43
73 53 24
74 21 2
75 21 3
76 53 25
77 53 9
78 21 0
79 28 26
80 53 10
81 41 54
82 46 48
83 53 11
84 28 30
85 22 49
86 53 26
87 46 49
88 53 12
89 53 27
90 19 33
91 59 2
92 53 28
93 59 3
94 46 50
95 60 1
96 46 51
97 47 52
98 53 29
99 53 3
100 54 5
101 60 2
102 26 10
103 53 30
104 60 3
105 28 48
106 47 53
107 27 5
108 28 49
109 54 6
110 53 31
111 47 54
112 61 1
113 54 13
114 57 17
115 47 55
116 61 2
117 23 9
118 23 55
119 55 14
120 22 51
121 41 3
122 61 3
123 27 13
124 57 18
125 62 1
126 55 3
127 58 20
128 47 56
129 58 0
130 58 21
131 56 9
132 62 2
133 62 3
134 36 13
135 27 2
136 31 14
137 49 35
138 27 18
139 28 20
140 33 6
141 33 19
142 56 10
143 49 39
144 28 29
145 50 40
146 36 2
147 58 22
148 50 41
149 56 11
150 50 42
151 58 23
152 52 2
153 56 12
154 51 44
155 37 0
156 58 24
157 51 45
158 58 25
159 57 5
160 63 1
161 51 46
162 52 48
163 52 49
164 52 50
165 52 51
166 45 6
167 57 6
168 63 2
169 57 13
170 53 52
171 53 53
172 35 3
173 63 3
174 58 26
175 58 14
176 59 9
177 23 2
178 53 54
179 53 55
180 23 3
181 58 27
182 58 28
183 38 11
184 64 1
185 59 10
186 24 5
187 64 2
188 54 2
189 38 1
190 64 3
191 59 11
192 58 29
193 58 30
194 65 1
195 58 31
196 53 56
197 59 33
198 62 17
199 55 35
200 21 4
201 59 12
202 55 39
203 65 2
204 40 49
205 56 0
206 60 5
207 60 6
208 62 18
209 63 20
210 56 40
211 56 41
212 60 13
213 28 27
214 61 14
215 62 9
216 56 42
217 65 3
218 57 44
219 62 10
220 62 11
221 66 1
222 66 2
223 62 12
224 38 19
225 63 21
226 63 22
227 39 1
228 63 5
229 66 3
230 63 23
231 63 6
232 24 1
233 57 45
234 57 46
235 63 13
236 64 14
237 58 48
238 25 34
239 63 24
240 65 9
241 44 3
242 58 49
243 63 25
244 67 1
245 67 2
246 67 3
247 58 50
248 58 51
249 59 52
250 65 10
251 59 53
252 59 54
253 65 11
254 59 55
255 68 1
256 68 2
257 59 56
258 68 3
259 65 12
260 66 5
261 42 4
262 63 26
263 69 1
264 61 35
265 61 39
266 63 27
267 66 6
268 62 40
269 62 41
270 66 13
271 62 42
272 31 2
273 31 1
274 63 28
275 63 44
276 69 2
277 69 3
278 63 45
279 31 3
280 70 1
281 70 2
282 67 14
283 33 1
284 63 29
285 63 46
286 64 48
287 64 49
288 64 50
289 70 3
290 71 1
291 63 30
292 63 31
293 64 33
294 68 9
295 67 17
296 71 2
297 64 51
298 67 18
299 68 20
300 65 52
301 68 10
302 1 34
303 7 34
304 13 7
305 13 19
306 68 11
307 17 55
308 16 1
309 34 51
310 17 17
311 16 47
312 16 15
313 40 7
314 36 0
315 65 53
316 38 36
317 18 0
318 23 8
319 68 21
320 21 6
321 21 1
322 42 6
323 21 44
324 21 15
325 19 39
326 35 2
327 33 27
328 19 14
329 19 0
330 19 1
331 19 34
332 26 36
333 22 3
334 48 13
335 19 32
336 33 13
337 22 7
338 68 12
339 68 22
340 26 8
341 25 0
342 68 23
343 24 33
344 69 5
345 24 32
346 26 42
347 7 18
348 39 6
349 68 24
350 69 6
351 38 23
352 65 54
353 35 1
354 35 56
355 29 2
356 29 33
357 39 4
358 31 34
359 38 25
360 33 45
361 71 3
362 65 55
363 41 55
364 26 15
365 31 7
366 32 12
367 68 25
368 69 13
369 65 56
370 35 55
371 31 0
372 31 35
373 37 39
374 67 35
375 29 52
376 68 26
377 45 2
378 51 3
379 29 32
380 67 39
381 68 27
382 68 28
383 29 0
384 30 3
385 36 6
386 29 10
387 29 37
388 68 40
389 70 14
390 68 41
391 71 9
392 44 10
393 30 38
394 71 10
395 72 1
396 32 16
397 68 42
398 72 2
399 69 44
400 72 3
401 69 45
402 32 0
403 68 29
404 32 2
405 39 5
406 37 35
407 69 46
408 68 30
409 34 32
410 68 31
411 70 48
412 70 49
413 34 1
414 25 1
415 23 52
416 70 50
417 40 2
418 71 11
419 26 41
420 26 3
421 26 1
422 26 40
423 69 33
424 70 51
425 71 12
426 28 28
427 27 0
428 27 3
429 72 17
430 73 1
431 35 37
432 72 5
433 72 6
434 44 9
435 72 18
436 71 52
437 20 0
438 72 13
439 71 53
440 35 12
441 34 7
442 73 14
443 73 20
444 38 26
445 73 21
446 71 54
447 71 55
448 73 2
449 73 3
450 33 46
451 71 56
452 74 9
453 73 35
454 73 22
455 73 39
456 52 0
457 74 1
458 74 2
459 33 28
460 73 23
461 73 24
462 23 26
463 21 45
464 73 25
465 73 26
466 45 1
467 37 7
468 37 14
469 74 40
470 74 3
471 74 10
472 74 41
473 75 1
474 35 53
475 73 27
476 75 2
477 42 0
478 74 11
479 73 28
480 40 47
481 74 12
482 73 29
483 41 15
484 73 30
485 75 5
486 75 6
487 73 31
488 74 33
489 77 17
490 74 42
491 45 0
492 36 38
493 75 13
494 75 3
495 75 44
496 75 45
497 77 18
498 78 20
499 39 2
500 75 46
501 76 14
502 78 21
503 76 48
504 78 22
505 78 23
506 76 49
507 76 50
508 77 9
509 78 24
510 77 10
511 76 1
512 76 51
513 35 0
514 44 11
515 28 23
516 48 5
517 46 7
518 76 2
519 77 11
520 76 3
521 78 25
522 77 52
523 38 12
524 78 26
525 51 1
526 77 53
527 77 12
528 77 1
529 78 27
530 77 54
531 77 2
532 77 55
533 77 56
534 79 35
535 78 28
536 79 39
537 78 5
538 78 29
539 78 6
540 77 3
541 78 13
542 78 30
543 78 31
544 79 33
545 80 40
546 50 11
547 58 3
548 80 41
549 79 14
550 82 17
551 80 9
552 80 10
553 82 18
554 38 24
555 78 1
556 80 11
557 83 20
558 55 1
559 83 21
560 78 2
561 78 3
562 83 22
563 80 12
564 79 1
565 83 23
566 83 24
567 81 5
568 80 42
569 83 25
570 79 2
571 81 6
572 81 13
573 81 44
574 79 3
575 83 26
576 42 17
577 81 45
578 81 46
579 80 1
580 82 48
581 83 27
582 80 2
583 82 14
584 83 28
585 80 3
586 82 49
587 83 9
588 83 29
589 82 50
590 82 51
591 83 52
592 81 1
593 48 23
594 83 53
595 81 2
596 83 10
597 83 54
598 83 30
599 83 55
600 83 56
601 81 3
602 83 11
603 83 12
604 83 31
605 85 35
606 84 33
607 1 35
608 7 16
609 7 3
610 7 0
611 7 35
612 7 17
613 12 1
614 8 8
615 8 40
616 8 12
617 8 36
618 8 25
619 8 30
620 8 9
621 8 31
622 13 27
623 18 30
624 11 55
625 11 2
626 11 11
627 20 3
628 11 15
629 14 32
630 11 8
631 47 10
632 17 56
633 16 7
634 87 17
635 15 5
636 14 11
637 85 39
638 16 2
639 13 39
640 13 3
641 14 40
642 14 12
643 27 1
644 19 7
645 84 5
646 84 6
647 53 0
648 22 17
649 43 14
650 82 1
651 86 40
652 44 8
653 11 12
654 47 2
655 25 7
656 22 47
657 82 2
658 82 3
659 83 1
660 86 41
661 84 13
662 34 50
663 87 18
664 85 14
665 44 42
666 11 54
667 11 3
668 86 9
669 86 42
670 12 2
671 43 23
672 42 3
673 86 10
674 17 12
675 20 1
676 48 4
677 13 23
678 20 12
679 86 11
680 38 30
681 48 2
682 14 1
683 40 51
684 88 20
685 36 3
686 83 2
687 44 1
688 87 44
689 87 45
690 26 2
691 12 3
692 87 46
693 17 53
694 25 35
695 88 21
696 37 3
697 86 12
698 28 2
699 43 35
700 87 5
701 83 3
702 30 13
703 23 54
704 88 22
705 50 2
706 84 1
707 88 23
708 28 7
709 45 13
710 28 1
711 30 1
712 88 48
713 49 14
714 28 14
715 87 6
716 88 24
717 23 30
718 39 45
719 88 25
720 29 1
721 38 27
722 29 53
723 87 13
724 38 29
725 84 2
726 20 41
727 88 49
728 20 10
729 88 50
730 84 3
731 18 29
732 44 41
733 21 46
734 18 26
735 88 51
736 19 2
737 21 13
738 51 0
739 27 46
740 89 52
741 88 14
742 46 14
743 89 53
744 33 30
745 89 9
746 88 26
747 88 27
748 89 10
749 85 1
750 88 28
751 89 54
752 37 1
753 32 17
754 88 29
755 89 55
756 85 2
757 89 11
758 85 3
759 89 12
760 89 56
761 86 1
762 91 34
763 39 46
764 86 2
765 32 36
766 86 3
767 38 21
768 38 9
769 43 26
770 52 3
771 87 1
772 88 30
773 87 2
774 88 31
775 90 5
776 43 3
777 15 2
778 89 33
779 17 10
780 92 16
781 91 35
782 14 2
783 50 10
784 15 13
785 27 44
786 31 39
787 32 11
788 90 6
789 31 15
790 16 51
791 87 3
792 90 13
793 37 34
794 38 22
795 39 3
796 88 1
797 88 2
798 41 2
799 91 39
800 92 36
801 92 17
802 39 44
803 18 31
804 88 3
805 89 0
806 17 9
807 92 40
808 89 1
809 92 18
810 91 14
811 89 2
812 92 41
813 92 9
814 92 10
815 89 3
816 93 19
817 43 30
818 56 1
819 42 13
820 92 11
821 92 42
822 41 12
823 90 0
824 93 20
825 92 12
826 90 1
827 93 43
828 43 28
829 93 44
830 93 21
831 93 22
832 93 5
833 93 23
834 90 2
835 90 3
836 93 45
837 38 0
838 93 46
839 94 47
840 20 9
841 46 47
842 23 25
843 45 43
844 94 48
845 93 24
846 27 6
847 93 6
848 93 25
849 91 0
850 91 1
851 93 13
852 94 49
853 43 19
854 91 2
855 93 26
856 91 3
857 93 27
858 94 50
859 94 14
860 95 9
861 47 37
862 93 28
863 95 10
864 95 11
865 93 29
866 94 51
867 93 30
868 95 37
869 95 52
870 92 0
871 93 31
872 92 1
873 92 2
874 95 53
875 94 32
876 95 12
877 95 54
878 92 3
879 95 55
880 95 56
881 96 38
882 93 0
883 93 1
884 48 24
885 48 25
886 49 34
887 96 4
888 96 5
889 93 2
890 96 6
891 97 34
892 93 3
893 94 33
894 94 0
895 50 36
896 97 35
897 94 1
898 94 2
899 94 3
900 96 13
901 97 7
902 97 14
903 95 0
904 51 43
905 95 1
906 97 39
907 95 2
908 1 15
909 6 4
910 9 32
911 6 15
912 14 8
913 17 16
914 24 2
915 22 0
916 22 1
917 23 10
918 52 47
919 22 48
920 47 16
921 22 14
922 22 2
923 23 19
924 6 38
925 28 19
926 43 25
927 33 0
928 33 2
929 33 20
930 33 43
931 9 5
932 41 56
933 98 8
934 23 0
935 98 9
936 53 19
937 28 22
938 34 0
939 95 3
940 30 0
941 43 0
942 28 0
943 28 47
944 98 36
945 24 4
946 12 13
947 47 3
948 96 0
949 27 4
950 27 43
951 29 11
952 46 15
953 96 1
954 98 10
955 53 37
956 33 44
957 33 4
958 37 17
959 52 16
960 37 16
961 53 1
962 35 52
963 98 40
964 32 41
965 44 2
966 98 41
967 44 32
968 29 3
969 59 0
970 96 2
971 29 8
972 29 55
973 60 0
974 34 48
975 54 38
976 96 15
977 38 8
978 41 11
979 43 34
980 38 20
981 51 15
982 41 9
983 96 3
984 97 16
985 39 13
986 97 17
987 98 11
988 39 0
989 55 34
990 35 8
991 26 9
992 48 20
993 41 0
994 98 12
995 56 36
996 49 0
997 33 22
998 32 8
999 33 23
1000 37 2
1001 98 42
1002 32 10
1003 99 4
1004 32 3
1005 36 4
1006 99 5
1007 61 0
1008 99 6
1009 29 56
1010 57 43
1011 99 43
1012 97 18
1013 42 16
1014 41 10
1015 58 47
1016 99 13
1017 100 7
1018 99 44
1019 43 21
1020 98 19
1021 97 0
1022 98 20
1023 100 14
1024 11 56
1025 39 33
1026 47 8
1027 99 45
1028 58 1
1029 41 1
1030 101 8
1031 62 0
1032 50 3
1033 43 31
1034 56 15
1035 97 1
1036 51 4
1037 63 0
1038 59 37
1039 39 43
1040 36 15
1041 99 46
1042 37 18
1043 97 2
1044 61 34
1045 60 38
1046 35 11
1047 40 0
1048 64 0
1049 101 9
1050 100 47
1051 42 18
1052 45 5
1053 57 16
1054 52 7
1055 101 10
1056 53 8
1057 62 36
1058 48 30
1059 97 3
1060 101 11
1061 100 48
1062 58 19
1063 54 4
1064 63 43
1065 100 49
1066 101 12
1067 98 21
1068 55 7
1069 65 0
1070 38 40
1071 33 24
1072 98 22
1073 98 23
1074 98 24
1075 98 25
1076 62 16
1077 56 2
1078 98 0
1079 64 47
1080 59 32
1081 56 8
1082 61 15
1083 98 26
1084 63 19
1085 102 4
1086 66 0
1087 98 27
1088 98 1
1089 67 0
1090 98 2
1091 41 8
1092 102 5
1093 100 50
1094 68 0
1095 57 4
1096 43 20
1097 42 38
1098 65 37
1099 102 6
1100 102 13
1101 98 28
1102 100 51
1103 48 27
1104 48 29
1105 98 3
1106 103 7
1107 45 4
1108 98 29
1109 101 37
1110 98 30
1111 66 38
1112 58 7
1113 98 31
1114 69 0
1115 44 36
1116 64 32
1117 67 34
1118 44 40
1119 99 0
1120 103 14
1121 70 0
1122 68 36
1123 101 52
1124 69 43
1125 48 22
1126 48 38
1127 48 21
1128 104 8
1129 99 1
1130 101 53
1131 71 0
1132 66 15
1133 59 8
1134 40 1
1135 104 9
1136 60 4
1137 104 10
1138 67 16
1139 47 0
1140 54 32
1141 43 24
1142 99 2
1143 70 47
1144 48 26
1145 48 28
1146 101 54
1147 101 55
1148 61 7
1149 62 8
1150 104 11
1151 68 19
1152 71 37
1153 99 32
1154 101 56
1155 48 3
1156 104 12
1157 73 34
1158 63 4
1159 105 4
1160 72 38
1161 102 38
1162 74 36
1163 72 0
1164 99 33
1165 103 34
1166 99 3
1167 64 7
1168 73 0
1169 100 0
1170 65 8
1171 105 5
1172 49 33
1173 66 4
1174 50 12
1175 54 33
1176 75 43
1177 103 35
1178 105 6
1179 74 0
1180 48 31
1181 67 7
1182 68 8
1183 100 1
1184 75 0
1185 100 2
1186 101 15
1187 76 0
1188 100 3
1189 105 13
1190 77 0
1191 106 7
1192 69 4
1193 106 14
1194 101 0
1195 78 0
1196 102 16
1197 101 1
1198 79 0
1199 76 47
1200 70 7
1201 102 17
1202 103 39
1203 101 2
1204 77 37
1205 80 0
1206 72 16
1207 104 36
1208 71 8
1209 1 16
1210 6 0
1211 7 1
1212 7 39
1213 7 2
1214 8 28
1215 8 10
1216 8 24
1217 15 45
1218 11 37
1219 58 2
1220 8 21
1221 8 1
1222 8 2
1223 8 20
1224 8 23
1225 8 22
1226 9 0
1227 13 29
1228 7 7
1229 13 31
1230 12 18
1231 13 28
1232 10 7
1233 10 47
1234 69 32
1235 71 15
1236 8 26
1237 18 21
1238 20 11
1239 13 24
1240 104 40
1241 13 0
1242 9 4
1243 9 3
1244 9 13
1245 9 44
1246 102 18
1247 9 6
1248 10 0
1249 36 1
1250 14 9
1251 13 14
1252 20 40
1253 17 11
1254 18 20
1255 17 2
1256 17 52
1257 17 0
1258 78 38
1259 18 23
1260 10 50
1261 101 3
1262 16 14
1263 23 27
1264 79 34
1265 16 49
1266 13 25
1267 16 0
1268 23 12
1269 14 3
1270 80 36
1271 14 10
1272 73 19
1273 104 41
1274 45 3
1275 81 0
1276 102 0
1277 81 43
1278 42 2
1279 103 19
1280 17 8
1281 23 56
1282 55 0
1283 18 38
1284 104 42
1285 107 8
1286 13 26
1287 82 0
1288 14 41
1289 12 5
1290 25 3
1291 27 45
1292 82 47
1293 72 4
1294 19 3
1295 102 1
1296 46 0
1297 20 8
1298 18 1
1299 27 16
1300 103 20
1301 33 31
1302 15 3
1303 83 0
1304 15 44
1305 107 9
1306 23 22
1307 57 1
1308 102 2
1309 50 9
1310 84 0
1311 34 47
1312 103 21
1313 102 3
1314 85 0
1315 50 1
1316 73 7
1317 15 43
1318 47 11
1319 103 0
1320 8 42
1321 32 42
1322 105 43
1323 24 0
1324 105 44
1325 74 8
1326 26 11
1327 41 52
1328 107 10
1329 107 11
1330 12 38
1331 86 0
1332 23 24
1333 75 4
1334 52 1
1335 44 0
1336 20 2
1337 83 37
1338 24 38
1339 105 45
1340 103 22
1341 85 34
1342 84 38
1343 103 1
1344 107 12
1345 33 26
1346 103 23
1347 6 5
1348 105 46
1349 18 13
1350 48 1
1351 76 7
1352 86 36
1353 40 48
1354 77 8
1355 108 4
1356 25 2
1357 106 47
1358 74 32
1359 78 4
1360 28 25
1361 108 5
1362 76 15
1363 28 31
1364 87 0
1365 79 7
1366 26 0
1367 38 41
1368 77 16
1369 28 50
1370 78 19
1371 87 43
1372 103 2
1373 80 8
1374 106 48
1375 103 24
1376 46 3
1377 108 6
1378 103 25
1379 108 13
1380 35 9
1381 81 4
1382 109 7
1383 33 29
1384 88 47
1385 82 7
1386 83 8
1387 106 49
1388 89 37
1389 109 14
1390 84 4
1391 49 32
1392 103 3
1393 106 50
1394 104 0
1395 110 8
1396 85 7
1397 32 40
1398 103 26
1399 104 1
1400 104 2
1401 86 8
1402 106 51
1403 104 3
1404 103 27
1405 110 9
1406 57 2
1407 107 37
1408 18 2
1409 103 28
1410 82 16
1411 110 10
1412 79 32
1413 81 15
1414 43 39
1415 87 4
1416 41 37
1417 49 7
1418 105 0
1419 107 52
1420 107 53
1421 43 22
1422 110 11
1423 105 1
1424 103 29
1425 83 19
1426 105 2
1427 14 42
1428 88 7
1429 89 8
1430 107 54
1431 105 3
1432 106 0
1433 106 1
1434 103 30
1435 107 55
1436 107 56
1437 108 38
1438 106 2
1439 23 21
1440 103 31
1441 110 12
1442 109 34
1443 106 3
1444 104 32
1445 109 35
1446 90 4
1447 111 4
1448 91 7
1449 104 33
1450 109 39
1451 6 6
1452 92 8
1453 110 36
1454 110 40
1455 110 41
1456 107 0
1457 110 42
1458 111 43
1459 111 5
1460 111 44
1461 42 5
1462 106 15
1463 107 1
1464 107 2
1465 84 32
1466 86 15
1467 111 6
1468 107 3
1469 50 0
1470 87 16
1471 108 0
1472 111 45
1473 108 1
1474 108 2
1475 38 2
1476 111 46
1477 108 3
1478 93 4
1479 112 47
1480 88 19
1481 111 13
1482 94 7
1483 112 48
1484 34 3
1485 107 16
1486 107 17
1487 34 2
1488 107 18
1489 38 3
1490 112 7
1491 108 19
1492 112 14
1493 109 0
1494 113 8
1495 109 1
1496 108 20
1497 113 9
1498 112 49
1499 108 21
1500 109 2
1501 113 10
1502 112 50
1503 113 11
1504 89 32
1505 113 12
1506 109 3
1507 114 4
1508 108 22
1509 112 51
1510 110 0
1511 114 5
1512 113 37
1513 114 6
1514 1 0
1515 2 36
1516 2 5
1517 9 2
1518 8 0
1519 8 3
1520 8 19
1521 10 3
1522 8 11
1523 8 29
1524 8 27
1525 8 41
1526 9 33
1527 114 13
1528 13 20
1529 13 22
1530 13 1
1531 18 19
1532 18 3
1533 18 24
1534 43 2
1535 115 7
1536 53 2
1537 11 53
1538 10 2
1539 23 37
1540 54 1
1541 9 45
1542 9 1
1543 9 43
1544 9 46
1545 108 23
1546 108 24
1547 108 25
1548 44 12
1549 47 9
1550 14 36
1551 115 14
1552 116 8
1553 14 0
1554 29 12
1555 29 9
1556 29 54
1557 113 52
1558 116 9
1559 30 2
1560 15 0
1561 108 26
1562 15 4
1563 108 27
1564 116 10
1565 116 11
1566 50 8
1567 46 2
1568 23 29
1569 48 0
1570 108 28
1571 24 6
1572 38 42
1573 18 25
1574 19 35
1575 18 22
1576 42 1
1577 40 3
1578 113 53
1579 26 12
1580 110 1
1581 28 21
1582 116 12
1583 110 2
1584 117 4
1585 27 17
1586 113 54
1587 117 5
1588 34 33
1589 33 3
1590 108 29
1591 49 1
1592 57 3
1593 108 30
1594 108 31
1595 16 48
1596 109 32
1597 110 3
1598 109 33
1599 111 0
1600 111 1
1601 33 21
1602 32 18
1603 113 55
1604 55 2
1605 113 56
1606 111 15
1607 40 14
1608 111 2
1609 117 6
1610 112 16
1611 112 17
1612 114 38
1613 33 5
1614 32 9
1615 47 1
1616 43 27
1617 111 3
1618 112 0
1619 23 31
1620 112 18
1621 22 50
1622 24 3
1623 113 19
1624 113 20
1625 113 21
1626 22 16
1627 28 51
1628 112 1
1629 43 29
1630 38 31
1631 117 13
1632 113 22
1633 115 34
1634 113 23
1635 47 12
1636 113 24
1637 115 35
1638 112 2
1639 54 0
1640 54 3
1641 112 3
1642 113 25
1643 18 27
1644 23 1
1645 48 6
1646 118 7
1647 43 1
1648 25 14
1649 32 1
1650 57 0
1651 118 14
1652 115 39
1653 119 8
1654 38 28
1655 116 36
1656 113 26
1657 113 0
1658 28 24
1659 113 27
1660 113 1
1661 119 9
1662 35 54
1663 113 2
1664 116 40
1665 116 41
1666 36 5
1667 119 10
1668 113 28
1669 116 42
1670 113 29
1671 113 3
1672 119 11
1673 38 10
1674 113 30
1675 113 31
1676 114 0
1677 117 43
1678 34 14
1679 114 32
1680 119 12
1681 114 1
1682 114 33
1683 40 50
1684 120 4
1685 117 44
1686 120 5
1687 116 15
1688 28 3
1689 120 6
1690 117 16
1691 30 5
1692 117 17
1693 120 13
1694 121 7
1695 121 14
1696 122 8
1697 35 10
1698 114 2
1699 122 9
1700 117 18
1701 118 19
1702 117 45
1703 122 10
1704 118 20
1705 118 21
1706 10 14
1707 118 22
1708 10 48
1709 122 11
1710 118 23
1711 118 24
1712 10 1
1713 117 46
1714 118 25
1715 118 47
1716 122 12
1717 23 28
1718 118 26
1719 118 27
1720 48 19
1721 118 28
1722 123 4
1723 33 25
1724 114 3
1725 46 1
1726 118 29
1727 118 30
1728 118 31
1729 118 48
1730 119 32
1731 10 49
1732 123 5
1733 123 6
1734 10 51
1735 123 13
1736 124 7
1737 119 33
1738 118 49
1739 115 0
1740 124 14
1741 118 50
1742 125 8
1743 121 15
1744 118 51
1745 125 9
1746 125 10
1747 115 1
1748 125 11
1749 115 2
1750 122 16
1751 122 17
1752 119 37
1753 119 52
1754 119 53
1755 56 3
1756 125 12
1757 122 18
1758 123 19
1759 115 3
1760 119 54
1761 119 55
1762 116 0
1763 119 56
1764 126 4
1765 120 38
1766 126 5
1767 123 20
1768 123 21
1769 121 34
1770 126 6
1771 123 22
1772 123 23
1773 30 6
1774 121 35
1775 126 13
1776 127 7
1777 121 39
1778 127 14
1779 116 1
1780 123 24
1781 122 36
1782 123 25
1783 116 2
1784 128 8
1785 116 3
1786 123 26
1787 128 9
1788 122 40
1789 117 0
1790 128 10
1791 128 11
1792 122 41
1793 128 12
1794 117 1
1795 129 4
1796 122 42
1797 117 2
1798 117 3
1799 123 43
1800 118 0
1801 129 5
1802 118 1
1803 123 44
1804 118 2
1805 123 27
1806 118 3
1807 119 0
1808 123 45
1809 119 1
1810 123 28
1811 123 46
