// The next line is the dfg name
random6_4type_invdelay
// The next lines are FU parameters given as:
// <FU type>  <resource constraint>  <# of FUs used>  <FU delay>
ADD 13 13 1
MUL 13 13 3
DIV 14 14 5
SQRT 14 14 6
actual latency 88
0 1 0
1 2 0
2 3 14
3 6 5
4 80 25
5 6 10
6 6 7
7 83 24
8 6 2
9 80 4
10 6 34
11 6 3
12 86 4
13 7 13
14 55 8
15 79 17
16 77 37
17 48 3
18 79 1
19 7 53
20 7 3
21 62 9
22 7 2
23 81 12
24 76 19
25 77 35
26 7 39
27 11 45
28 7 18
29 81 5
30 8 41
31 10 19
32 77 3
33 9 42
34 8 22
35 9 6
36 77 4
37 82 18
38 82 16
39 82 8
40 8 6
41 8 23
42 77 5
43 77 6
44 7 17
45 79 18
46 76 29
47 75 42
48 7 38
49 79 19
50 9 3
51 17 21
52 17 7
53 52 39
54 17 36
55 48 7
56 48 8
57 14 41
58 67 12
59 11 4
60 68 3
61 63 4
62 11 32
63 11 23
64 11 2
65 48 4
66 76 20
67 77 7
68 10 12
69 71 11
70 10 7
71 10 4
72 10 28
73 71 12
74 72 1
75 72 2
76 79 16
77 63 10
78 12 2
79 20 7
80 20 9
81 22 37
82 42 48
83 20 10
84 20 23
85 15 28
86 48 9
87 16 19
88 57 0
89 61 13
90 55 18
91 55 11
92 61 15
93 55 12
94 55 52
95 75 2
96 71 34
97 72 48
98 75 3
99 78 11
100 75 4
101 75 5
102 67 11
103 56 22
104 52 12
105 16 31
106 53 43
107 15 3
108 16 16
109 53 1
110 56 23
111 53 44
112 72 3
113 72 4
114 10 20
115 71 29
116 68 4
117 11 3
118 11 24
119 68 5
120 11 29
121 11 10
122 68 6
123 11 11
124 82 17
125 68 7
126 67 10
127 70 17
128 70 18
129 81 9
130 70 19
131 68 8
132 68 9
133 68 10
134 63 5
135 18 10
136 19 5
137 46 30
138 13 15
139 20 21
140 16 5
141 63 0
142 42 2
143 47 44
144 18 6
145 42 35
146 11 6
147 68 11
148 66 49
149 68 12
150 66 33
151 70 20
152 48 5
153 82 9
154 12 51
155 12 9
156 67 18
157 61 52
158 63 11
159 69 0
160 85 3
161 61 53
162 62 41
163 12 39
164 63 42
165 65 43
166 16 10
167 48 10
168 48 11
169 48 12
170 51 29
171 51 30
172 16 3
173 49 1
174 61 16
175 56 1
176 56 2
177 56 3
178 57 35
179 57 36
180 56 4
181 61 17
182 56 5
183 17 8
184 58 4
185 58 5
186 58 1
187 58 6
188 58 2
189 13 7
190 60 7
191 60 8
192 65 22
193 67 19
194 82 3
195 61 18
196 57 37
197 61 19
198 59 0
199 62 38
200 12 8
201 63 12
202 67 20
203 64 5
204 12 50
205 60 3
206 64 6
207 64 7
208 79 13
209 49 17
210 43 53
211 44 41
212 43 10
213 20 24
214 43 11
215 43 12
216 46 31
217 44 3
218 19 52
219 44 4
220 44 5
221 44 6
222 64 1
223 64 2
224 64 13
225 64 15
226 64 16
227 64 0
228 64 3
229 64 4
230 60 9
231 60 10
232 13 6
233 22 38
234 22 39
235 40 1
236 40 2
237 38 41
238 14 23
239 56 6
240 56 7
241 14 9
242 55 53
243 61 20
244 72 5
245 72 6
246 72 7
247 54 27
248 67 40
249 62 21
250 68 2
251 27 39
252 24 51
253 23 6
254 32 37
255 23 7
256 56 8
257 56 41
258 56 9
259 56 10
260 56 11
261 52 9
262 56 12
263 57 3
264 57 42
265 71 43
266 50 25
267 46 4
268 17 38
269 51 14
270 46 5
271 17 39
272 46 6
273 46 7
274 68 21
275 65 44
276 64 8
277 64 9
278 62 39
279 46 8
280 65 0
281 59 1
282 40 3
283 40 4
284 40 5
285 41 26
286 44 25
287 39 42
288 41 29
289 64 10
290 82 10
291 53 2
292 53 3
293 53 4
294 53 5
295 49 18
296 44 7
297 18 49
298 49 19
299 49 20
300 18 50
301 44 8
302 1 40
303 7 35
304 12 0
305 12 14
306 60 11
307 62 37
308 13 3
309 77 36
310 13 13
311 13 40
312 13 0
313 46 3
314 15 5
315 53 45
316 15 42
317 15 0
318 19 1
319 21 6
320 15 10
321 57 4
322 45 10
323 16 30
324 14 0
325 17 44
326 16 8
327 16 4
328 16 0
329 16 1
330 49 2
331 17 43
332 20 28
333 46 9
334 67 0
335 16 13
336 25 2
337 17 0
338 68 1
339 52 13
340 23 0
341 23 1
342 41 24
343 19 0
344 19 7
345 19 13
346 21 30
347 7 9
348 17 10
349 26 5
350 26 6
351 26 21
352 47 45
353 9 8
354 20 41
355 20 0
356 20 22
357 10 9
358 21 42
359 41 23
360 24 50
361 21 7
362 41 30
363 41 33
364 18 14
365 21 1
366 21 5
367 45 14
368 21 8
369 41 43
370 21 33
371 21 0
372 23 44
373 21 34
374 32 38
375 25 28
376 38 24
377 24 6
378 34 4
379 24 14
380 31 53
381 31 17
382 41 25
383 22 0
384 22 2
385 22 12
386 36 9
387 23 43
388 22 35
389 37 11
390 22 36
391 23 8
392 23 5
393 24 27
394 23 9
395 23 10
396 23 21
397 23 23
398 23 11
399 32 41
400 37 12
401 36 48
402 22 1
403 28 20
404 37 8
405 16 7
406 31 29
407 32 39
408 23 24
409 23 22
410 23 12
411 33 42
412 35 28
413 34 5
414 18 3
415 16 33
416 26 33
417 24 4
418 34 6
419 26 26
420 34 7
421 24 0
422 24 46
423 44 0
424 34 18
425 32 6
426 25 16
427 25 0
428 25 3
429 34 19
430 32 7
431 30 28
432 21 9
433 34 8
434 55 10
435 62 22
436 57 38
437 14 3
438 57 5
439 47 37
440 22 8
441 22 4
442 38 1
443 23 25
444 23 4
445 38 25
446 36 30
447 39 14
448 34 9
449 34 10
450 24 47
451 36 31
452 72 8
453 73 17
454 72 9
455 71 30
456 21 3
457 38 2
458 53 6
459 15 14
460 56 24
461 56 25
462 47 12
463 16 32
464 58 15
465 58 16
466 15 6
467 26 0
468 26 2
469 18 51
470 26 7
471 31 3
472 30 46
473 31 4
474 31 26
475 31 5
476 31 6
477 30 0
478 31 7
479 31 16
480 27 14
481 49 3
482 35 21
483 35 0
484 42 14
485 26 8
486 35 1
487 34 20
488 26 9
489 56 21
490 42 36
491 29 0
492 29 27
493 31 8
494 31 9
495 26 29
496 26 41
497 26 23
498 26 10
499 26 11
500 26 24
501 26 12
502 27 2
503 27 42
504 43 13
505 35 2
506 31 32
507 26 30
508 27 8
509 26 25
510 27 9
511 27 10
512 30 49
513 26 1
514 26 4
515 26 22
516 36 1
517 36 0
518 36 2
519 36 3
520 36 4
521 29 24
522 30 47
523 27 0
524 29 25
525 27 1
526 65 45
527 27 3
528 28 6
529 28 18
530 31 34
531 28 7
532 32 35
533 29 43
534 28 19
535 28 8
536 31 31
537 29 1
538 29 21
539 29 2
540 29 3
541 29 4
542 29 5
543 29 6
544 82 0
545 37 35
546 37 5
547 37 6
548 31 40
549 31 0
550 31 15
551 31 1
552 46 0
553 30 14
554 30 1
555 30 8
556 30 9
557 52 15
558 37 4
559 30 10
560 57 6
561 57 7
562 62 23
563 57 8
564 57 9
565 62 24
566 31 18
567 34 11
568 27 35
569 30 2
570 30 3
571 30 4
572 30 5
573 31 30
574 30 6
575 30 7
576 34 13
577 34 27
578 35 43
579 34 0
580 34 15
581 31 13
582 27 4
583 38 0
584 36 14
585 36 5
586 37 13
587 36 6
588 37 15
589 36 46
590 36 26
591 36 29
592 37 0
593 37 1
594 37 40
595 37 2
596 37 3
597 37 52
598 58 17
599 36 47
600 25 53
601 32 8
602 32 9
603 32 10
604 35 22
605 30 50
606 32 11
607 1 26
608 6 14
609 6 12
610 6 0
611 6 46
612 7 15
613 10 3
614 7 0
615 7 37
616 75 1
617 7 36
618 83 22
619 79 20
620 7 5
621 80 21
622 10 8
623 13 19
624 72 51
625 71 5
626 77 8
627 62 7
628 8 0
629 8 24
630 8 1
631 71 6
632 78 46
633 9 0
634 64 11
635 12 4
636 12 1
637 66 46
638 12 5
639 12 37
640 64 12
641 12 47
642 12 7
643 71 10
644 10 0
645 72 10
646 72 11
647 52 8
648 10 17
649 62 12
650 72 12
651 73 18
652 67 7
653 77 9
654 47 7
655 11 7
656 11 43
657 73 0
658 73 1
659 73 2
660 71 44
661 73 3
662 77 39
663 73 4
664 73 5
665 77 45
666 79 27
667 8 8
668 75 6
669 72 35
670 9 5
671 62 10
672 9 9
673 75 7
674 13 11
675 13 4
676 72 0
677 11 8
678 46 2
679 73 6
680 67 8
681 60 6
682 73 7
683 11 34
684 71 22
685 14 8
686 57 10
687 14 10
688 57 39
689 59 43
690 14 4
691 75 8
692 60 50
693 14 27
694 13 53
695 60 12
696 12 10
697 65 1
698 62 11
699 72 47
700 65 2
701 65 3
702 47 10
703 21 32
704 73 15
705 63 6
706 78 0
707 52 16
708 17 5
709 18 11
710 17 2
711 17 4
712 71 31
713 86 2
714 81 7
715 87 0
716 63 14
717 81 1
718 46 26
719 50 21
720 18 1
721 47 21
722 18 46
723 73 8
724 67 17
725 61 0
726 16 29
727 65 23
728 13 8
729 65 24
730 61 1
731 13 17
732 75 14
733 12 38
734 13 20
735 55 28
736 46 10
737 18 12
738 19 12
739 47 43
740 48 47
741 46 11
742 48 0
743 54 46
744 16 17
745 53 7
746 82 4
747 70 0
748 69 1
749 69 2
750 69 3
751 51 31
752 24 1
753 19 18
754 49 4
755 65 25
756 84 3
757 84 4
758 84 5
759 49 5
760 48 50
761 44 9
762 19 53
763 46 29
764 44 10
765 21 29
766 40 6
767 22 19
768 22 6
769 22 20
770 22 9
771 51 0
772 44 11
773 63 3
774 25 18
775 25 6
776 25 1
777 10 5
778 73 9
779 80 12
780 73 10
781 73 19
782 73 11
783 67 9
784 10 11
785 43 40
786 21 31
787 19 6
788 19 8
789 19 15
790 14 24
791 38 3
792 38 4
793 22 13
794 22 16
795 36 10
796 44 12
797 37 9
798 13 9
799 56 26
800 58 18
801 53 8
802 82 13
803 76 13
804 61 2
805 61 3
806 13 5
807 61 31
808 61 4
809 84 14
810 57 11
811 57 12
812 59 44
813 58 7
814 58 8
815 58 9
816 25 19
817 80 24
818 81 3
819 81 11
820 34 12
821 35 44
822 27 7
823 35 3
824 65 4
825 82 11
826 49 0
827 45 42
828 34 17
829 36 32
830 40 13
831 40 15
832 35 4
833 69 4
834 58 10
835 58 11
836 59 45
837 14 6
838 60 46
839 59 27
840 14 5
841 60 47
842 60 14
843 60 48
844 60 28
845 75 9
846 15 4
847 79 0
848 35 23
849 37 7
850 85 0
851 69 5
852 36 49
853 25 15
854 20 11
855 35 24
856 19 9
857 49 13
858 19 40
859 19 10
860 83 3
861 30 48
862 43 15
863 49 6
864 49 7
865 16 20
866 53 22
867 53 23
868 48 51
869 51 32
870 49 8
871 53 24
872 53 0
873 78 1
874 46 32
875 82 1
876 45 0
877 46 33
878 51 1
879 61 32
880 28 13
881 28 15
882 28 2
883 28 3
884 28 16
885 28 17
886 31 33
887 28 4
888 28 5
889 83 2
890 82 2
891 56 29
892 53 9
893 53 10
894 53 11
895 54 47
896 58 19
897 53 12
898 54 0
899 54 1
900 82 7
901 63 1
902 63 2
903 69 6
904 66 50
905 69 7
906 66 34
907 69 8
908 1 13
909 4 0
910 5 0
911 4 16
912 6 1
913 7 1
914 8 10
915 8 2
916 8 5
917 9 10
918 73 40
919 9 27
920 77 22
921 8 4
922 77 10
923 9 14
924 4 27
925 14 21
926 53 21
927 17 1
928 49 9
929 17 23
930 17 45
931 5 9
932 78 49
933 75 10
934 9 1
935 75 11
936 76 15
937 10 13
938 18 0
939 65 5
940 12 6
941 47 11
942 12 3
943 12 36
944 65 28
945 10 1
946 9 11
947 81 8
948 56 0
949 11 5
950 11 44
951 63 7
952 69 9
953 69 10
954 46 12
955 48 48
956 17 35
957 17 3
958 19 2
959 50 22
960 19 16
961 19 11
962 19 19
963 61 33
964 16 34
965 18 9
966 60 51
967 66 14
968 61 5
969 61 6
970 61 7
971 13 2
972 13 52
973 61 8
974 51 42
975 46 34
976 43 4
977 20 4
978 20 6
979 41 34
980 20 5
981 49 15
982 20 8
983 57 2
984 57 14
985 23 3
986 38 5
987 38 6
988 23 2
989 36 50
990 13 12
991 10 10
992 82 15
993 21 2
994 84 1
995 42 49
996 45 11
997 14 7
998 14 2
999 46 1
1000 15 9
1001 61 26
1002 52 10
1003 58 12
1004 59 2
1005 18 2
1006 73 12
1007 74 0
1008 74 1
1009 70 16
1010 71 32
1011 71 45
1012 43 5
1013 25 13
1014 24 8
1015 35 45
1016 35 5
1017 35 6
1018 36 33
1019 24 5
1020 35 7
1021 54 2
1022 73 20
1023 74 2
1024 76 30
1025 7 20
1026 62 8
1027 76 31
1028 85 1
1029 19 3
1030 40 7
1031 40 8
1032 22 10
1033 40 9
1034 46 13
1035 40 10
1036 40 11
1037 40 12
1038 41 31
1039 19 27
1040 15 2
1041 54 48
1042 55 20
1043 54 3
1044 58 20
1045 54 49
1046 15 12
1047 17 12
1048 43 6
1049 43 7
1050 43 52
1051 20 25
1052 43 3
1053 49 16
1054 43 8
1055 32 12
1056 33 0
1057 30 51
1058 35 25
1059 33 1
1060 61 9
1061 61 34
1062 67 13
1063 61 10
1064 54 50
1065 56 30
1066 54 4
1067 59 21
1068 65 6
1069 65 7
1070 66 31
1071 13 18
1072 65 8
1073 68 22
1074 65 9
1075 74 21
1076 71 21
1077 57 1
1078 49 10
1079 53 25
1080 49 11
1081 49 12
1082 54 14
1083 50 1
1084 55 13
1085 50 2
1086 86 0
1087 44 2
1088 50 3
1089 50 4
1090 50 5
1091 16 2
1092 54 5
1093 41 44
1094 41 1
1095 41 2
1096 22 7
1097 23 45
1098 41 45
1099 41 3
1100 41 4
1101 59 22
1102 50 28
1103 37 16
1104 24 9
1105 24 10
1106 24 11
1107 24 2
1108 37 17
1109 24 48
1110 37 18
1111 26 34
1112 58 0
1113 47 0
1114 61 11
1115 18 48
1116 52 17
1117 47 38
1118 17 37
1119 47 1
1120 47 2
1121 47 3
1122 48 49
1123 47 39
1124 25 20
1125 25 7
1126 25 17
1127 32 24
1128 25 8
1129 25 9
1130 26 31
1131 25 10
1132 37 19
1133 38 7
1134 22 5
1135 38 8
1136 38 9
1137 38 10
1138 43 16
1139 28 0
1140 28 1
1141 73 13
1142 65 10
1143 37 38
1144 38 11
1145 43 17
1146 36 51
1147 37 39
1148 38 12
1149 20 12
1150 42 3
1151 47 23
1152 42 37
1153 42 4
1154 42 38
1155 31 2
1156 31 10
1157 29 23
1158 31 11
1159 31 12
1160 29 44
1161 32 36
1162 47 35
1163 58 3
1164 43 18
1165 29 45
1166 76 0
1167 32 0
1168 32 1
1169 32 2
1170 32 3
1171 32 4
1172 32 21
1173 32 5
1174 35 8
1175 35 9
1176 40 16
1177 39 27
1178 39 0
1179 39 1
1180 43 19
1181 39 2
1182 39 3
1183 39 4
1184 39 5
1185 39 6
1186 43 20
1187 29 7
1188 29 8
1189 29 9
1190 29 10
1191 29 11
1192 29 12
1193 29 22
1194 30 11
1195 30 12
1196 5 25
1197 54 6
1198 54 7
1199 54 51
1200 54 8
1201 40 17
1202 36 34
1203 35 10
1204 37 36
1205 35 11
1206 40 18
1207 37 37
1208 35 12
1209 1 2
1210 2 1
1211 3 0
1212 3 42
1213 3 1
1214 4 18
1215 4 2
1216 4 17
1217 10 18
1218 5 21
1219 81 10
1220 4 5
1221 4 6
1222 4 3
1223 4 1
1224 4 20
1225 4 13
1226 4 4
1227 5 23
1228 3 2
1229 83 25
1230 5 24
1231 5 22
1232 83 7
1233 5 44
1234 5 10
1235 80 22
1236 4 15
1237 8 9
1238 7 8
1239 5 4
1240 5 28
1241 5 1
1242 5 5
1243 5 11
1244 5 8
1245 5 43
1246 82 20
1247 5 6
1248 5 7
1249 9 12
1250 6 4
1251 5 2
1252 6 29
1253 74 11
1254 7 16
1255 79 2
1256 7 40
1257 7 4
1258 76 32
1259 7 19
1260 5 45
1261 80 5
1262 6 8
1263 75 0
1264 6 31
1265 6 26
1266 85 15
1267 5 3
1268 11 9
1269 79 3
1270 6 49
1271 81 4
1272 69 11
1273 67 35
1274 16 12
1275 69 12
1276 70 1
1277 6 32
1278 6 11
1279 80 6
1280 6 6
1281 12 49
1282 71 7
1283 11 26
1284 73 52
1285 80 7
1286 6 9
1287 80 8
1288 6 30
1289 7 12
1290 61 12
1291 78 48
1292 76 33
1293 79 4
1294 79 5
1295 79 6
1296 7 10
1297 7 7
1298 88 0
1299 16 15
1300 82 19
1301 63 9
1302 79 7
1303 79 8
1304 6 51
1305 79 9
1306 11 22
1307 84 9
1308 84 10
1309 81 6
1310 77 11
1311 72 38
1312 77 23
1313 77 12
1314 65 11
1315 83 6
1316 79 10
1317 77 43
1318 74 12
1319 79 11
1320 4 19
1321 77 38
1322 64 27
1323 13 1
1324 67 36
1325 70 2
1326 12 12
1327 83 21
1328 79 12
1329 80 0
1330 6 47
1331 82 5
1332 83 23
1333 80 1
1334 55 9
1335 7 11
1336 7 6
1337 80 23
1338 7 52
1339 66 26
1340 81 14
1341 6 33
1342 76 34
1343 80 2
1344 80 3
1345 9 7
1346 77 24
1347 2 2
1348 72 39
1349 82 12
1350 83 4
1351 70 3
1352 66 51
1353 77 44
1354 59 3
1355 59 4
1356 14 1
1357 60 49
1358 78 2
1359 75 12
1360 48 1
1361 54 9
1362 54 10
1363 15 7
1364 54 11
1365 54 12
1366 15 1
1367 50 41
1368 55 15
1369 16 26
1370 50 6
1371 51 33
1372 50 7
1373 50 8
1374 51 34
1375 65 12
1376 14 11
1377 59 5
1378 62 25
1379 59 6
1380 14 12
1381 85 4
1382 78 3
1383 10 16
1384 73 53
1385 78 4
1386 78 5
1387 74 27
1388 56 31
1389 86 1
1390 86 5
1391 84 11
1392 50 9
1393 49 40
1394 50 10
1395 50 11
1396 50 12
1397 44 24
1398 51 2
1399 51 3
1400 51 4
1401 62 0
1402 62 35
1403 62 1
1404 67 15
1405 62 2
1406 60 4
1407 66 47
1408 66 0
1409 66 1
1410 66 2
1411 66 3
1412 66 4
1413 66 5
1414 71 33
1415 78 6
1416 78 47
1417 71 8
1418 78 7
1419 75 28
1420 76 26
1421 83 8
1422 78 8
1423 78 9
1424 59 7
1425 77 25
1426 51 5
1427 6 48
1428 80 9
1429 80 10
1430 6 50
1431 80 11
1432 85 2
1433 86 3
1434 84 2
1435 56 32
1436 67 52
1437 52 35
1438 70 4
1439 10 6
1440 74 3
1441 74 4
1442 72 46
1443 78 10
1444 76 16
1445 72 49
1446 76 1
1447 76 2
1448 76 3
1449 83 1
1450 74 41
1451 2 3
1452 84 6
1453 82 26
1454 67 37
1455 67 38
1456 70 5
1457 67 39
1458 69 27
1459 70 6
1460 70 28
1461 83 0
1462 85 13
1463 84 7
1464 77 0
1465 77 1
1466 77 21
1467 77 2
1468 51 6
1469 48 6
1470 71 23
1471 70 7
1472 67 53
1473 70 8
1474 70 9
1475 11 12
1476 68 41
1477 70 10
1478 62 3
1479 46 15
1480 46 16
1481 21 10
1482 21 11
1483 42 46
1484 21 12
1485 41 5
1486 41 6
1487 41 7
1488 74 22
1489 13 10
1490 66 6
1491 68 23
1492 76 4
1493 76 5
1494 76 6
1495 76 7
1496 84 8
1497 66 7
1498 66 29
1499 68 24
1500 66 8
1501 66 9
1502 66 48
1503 66 10
1504 68 25
1505 5 12
1506 59 8
1507 59 9
1508 64 17
1509 61 29
1510 59 10
1511 59 11
1512 61 30
1513 59 12
1514 1 1
1515 2 41
1516 2 4
1517 8 11
1518 8 3
1519 8 7
1520 8 21
1521 71 9
1522 8 12
1523 78 12
1524 8 25
1525 11 33
1526 9 2
1527 76 8
1528 11 21
1529 11 25
1530 70 11
1531 14 22
1532 60 0
1533 15 11
1534 15 8
1535 60 1
1536 45 12
1537 66 32
1538 76 9
1539 17 22
1540 43 9
1541 72 50
1542 9 4
1543 11 30
1544 72 36
1545 76 17
1546 79 15
1547 45 1
1548 71 0
1549 81 2
1550 11 31
1551 74 5
1552 74 6
1553 10 2
1554 20 3
1555 20 2
1556 21 26
1557 42 50
1558 42 5
1559 20 1
1560 11 1
1561 70 12
1562 11 0
1563 71 24
1564 71 1
1565 71 2
1566 83 5
1567 47 9
1568 78 14
1569 17 11
1570 64 18
1571 52 11
1572 70 15
1573 12 11
1574 12 46
1575 13 16
1576 16 11
1577 26 3
1578 61 40
1579 18 7
1580 45 2
1581 18 4
1582 45 3
1583 45 4
1584 45 5
1585 19 17
1586 47 36
1587 45 6
1588 22 17
1589 41 8
1590 46 17
1591 21 4
1592 60 5
1593 66 11
1594 66 12
1595 12 35
1596 69 14
1597 67 1
1598 70 13
1599 67 2
1600 67 3
1601 22 15
1602 21 14
1603 46 18
1604 28 12
1605 31 52
1606 37 20
1607 25 4
1608 33 2
1609 62 4
1610 46 19
1611 46 20
1612 41 32
1613 40 0
1614 22 3
1615 22 11
1616 41 22
1617 41 9
1618 41 10
1619 17 24
1620 52 18
1621 18 47
1622 17 6
1623 47 4
1624 52 19
1625 52 20
1626 22 18
1627 17 25
1628 55 0
1629 47 22
1630 14 25
1631 71 3
1632 71 4
1633 69 42
1634 71 25
1635 63 8
1636 73 16
1637 71 26
1638 55 1
1639 18 8
1640 47 8
1641 60 2
1642 64 19
1643 16 18
1644 55 2
1645 48 2
1646 55 3
1647 16 9
1648 16 6
1649 41 11
1650 42 1
1651 42 6
1652 42 39
1653 42 7
1654 41 21
1655 44 27
1656 47 24
1657 42 8
1658 41 12
1659 82 6
1660 39 7
1661 39 8
1662 26 32
1663 39 9
1664 40 28
1665 37 53
1666 36 11
1667 39 10
1668 39 11
1669 42 47
1670 72 14
1671 24 12
1672 33 3
1673 24 3
1674 33 4
1675 33 5
1676 33 6
1677 24 49
1678 19 4
1679 67 4
1680 43 0
1681 42 0
1682 44 21
1683 55 19
1684 55 4
1685 56 33
1686 55 5
1687 55 6
1688 36 7
1689 36 8
1690 40 19
1691 24 7
1692 40 20
1693 51 7
1694 51 8
1695 51 9
1696 51 10
1697 47 6
1698 27 11
1699 27 12
1700 32 25
1701 28 9
1702 52 36
1703 51 11
1704 55 16
1705 74 23
1706 74 7
1707 74 24
1708 12 48
1709 74 8
1710 74 9
1711 74 25
1712 74 10
1713 59 23
1714 59 24
1715 55 40
1716 55 7
1717 65 21
1718 59 25
1719 39 12
1720 36 12
1721 44 22
1722 50 0
1723 19 20
1724 45 7
1725 18 5
1726 50 23
1727 45 8
1728 45 9
1729 50 24
1730 76 18
1731 10 15
1732 76 10
1733 76 11
1734 72 37
1735 76 12
1736 68 0
1737 58 13
1738 49 27
1739 42 9
1740 42 10
1741 42 51
1742 42 11
1743 47 25
1744 48 14
1745 42 12
1746 43 1
1747 43 2
1748 27 5
1749 27 6
1750 31 19
1751 31 20
1752 32 22
1753 27 36
1754 32 23
1755 25 5
1756 25 11
1757 33 14
1758 25 12
1759 28 10
1760 34 16
1761 25 40
1762 28 11
1763 25 52
1764 37 10
1765 48 46
1766 84 0
1767 67 16
1768 62 5
1769 62 36
1770 62 6
1771 44 23
1772 55 17
1773 17 9
1774 52 37
1775 51 12
1776 52 0
1777 52 38
1778 81 0
1779 44 1
1780 64 20
1781 56 34
1782 38 21
1783 33 7
1784 33 8
1785 33 9
1786 33 10
1787 33 11
1788 51 26
1789 47 5
1790 67 5
1791 67 6
1792 66 30
1793 52 1
1794 52 2
1795 52 3
1796 49 52
1797 52 4
1798 52 5
1799 49 53
1800 52 6
1801 52 7
1802 41 0
1803 45 28
1804 33 12
1805 38 22
1806 34 1
1807 34 2
1808 27 37
1809 34 3
1810 38 23
1811 27 38
