// The next line is the dfg name
random2_4type_invdelay
// The next lines are FU parameters given as:
// <FU type>  <resource constraint>  <# of FUs used>  <FU delay>
ADD 4 4 1
MUL 5 5 3
DIV 5 5 5
SQRT 5 5 6
actual latency 91
0 1 1
1 2 0
2 2 1
3 3 14
4 3 2
5 3 1
6 3 3
7 3 0
8 4 17
9 4 0
10 60 0
11 4 1
12 41 1
13 4 3
14 7 1
15 4 16
16 41 2
17 8 8
18 5 1
19 5 5
20 17 18
21 5 0
22 5 11
23 5 6
24 5 2
25 6 3
26 41 3
27 6 12
28 9 14
29 6 0
30 5 3
31 7 4
32 10 2
33 11 12
34 42 1
35 11 2
36 16 15
37 11 18
38 14 1
39 11 0
40 11 1
41 7 0
42 11 8
43 17 0
44 4 4
45 11 6
46 12 13
47 33 14
48 6 2
49 42 2
50 42 3
51 9 9
52 21 14
53 18 1
54 18 0
55 20 8
56 7 2
57 14 7
58 19 1
59 19 9
60 20 6
61 20 7
62 10 15
63 22 13
64 22 1
65 23 7
66 43 1
67 24 1
68 35 5
69 20 10
70 43 2
71 23 1
72 16 4
73 43 3
74 14 3
75 16 16
76 44 1
77 35 18
78 22 2
79 44 2
80 44 3
81 16 17
82 45 1
83 13 4
84 45 2
85 45 3
86 12 2
87 46 1
88 12 1
89 39 14
90 46 2
91 46 3
92 22 17
93 47 1
94 40 0
95 47 2
96 35 6
97 47 3
98 35 7
99 30 0
100 13 3
101 14 8
102 17 13
103 48 1
104 16 12
105 48 2
106 40 15
107 48 3
108 40 16
109 49 1
110 14 0
111 9 3
112 49 2
113 8 7
114 10 16
115 49 3
116 10 17
117 10 1
118 10 3
119 20 11
120 17 5
121 35 8
122 39 3
123 27 1
124 50 1
125 50 2
126 39 2
127 17 6
128 37 4
129 38 5
130 50 3
131 31 2
132 51 1
133 51 2
134 29 18
135 51 3
136 17 1
137 38 6
138 38 7
139 36 2
140 31 12
141 32 13
142 16 0
143 24 9
144 52 1
145 52 2
146 25 10
147 17 7
148 13 1
149 13 0
150 52 3
151 25 11
152 36 12
153 53 1
154 12 0
155 53 2
156 37 13
157 53 3
158 54 1
159 14 6
160 39 9
161 54 2
162 54 3
163 55 1
164 55 2
165 55 3
166 56 1
167 40 10
168 56 2
169 56 3
170 32 6
171 57 1
172 57 2
173 57 3
174 25 4
175 40 17
176 41 18
177 23 2
178 45 14
179 40 11
180 58 1
181 58 2
182 46 15
183 41 12
184 58 3
185 42 13
186 17 8
187 59 1
188 59 2
189 38 8
190 40 4
191 59 3
192 60 1
193 60 2
194 60 3
195 19 3
196 18 3
197 18 2
198 17 3
199 17 2
200 44 9
201 8 2
202 8 3
203 8 6
204 45 10
205 1 4
206 4 9
207 11 5
208 9 0
209 4 15
210 61 0
211 10 11
212 61 1
213 61 2
214 15 3
215 15 14
216 15 0
217 15 2
218 15 11
219 4 2
220 22 4
221 61 3
222 25 3
223 35 2
224 41 5
225 25 0
226 25 1
227 25 2
228 62 0
229 62 1
230 62 2
231 26 0
232 27 3
233 26 3
234 31 1
235 41 6
236 27 14
237 28 4
238 34 4
239 62 3
240 63 0
241 29 6
242 16 3
243 45 11
244 63 1
245 63 2
246 34 3
247 33 2
248 37 0
249 26 5
250 26 12
251 26 7
252 20 2
253 20 5
254 31 0
255 21 3
256 23 18
257 46 16
258 23 6
259 22 16
260 23 5
261 46 17
262 41 7
263 41 8
264 32 1
265 43 4
266 23 0
267 46 12
268 26 8
269 38 1
270 38 2
271 47 18
272 38 0
273 14 5
274 26 6
275 63 3
276 64 0
277 31 4
278 16 2
279 64 1
280 32 7
281 47 13
282 16 1
283 64 2
284 32 0
285 64 3
286 65 0
287 24 0
288 49 9
289 51 14
290 65 1
291 65 2
292 50 10
293 50 11
294 65 3
295 66 0
296 35 1
297 28 3
298 44 5
299 66 1
300 51 12
301 66 2
302 44 6
303 33 0
304 44 7
305 52 13
306 54 9
307 66 3
308 33 1
309 44 8
310 67 0
311 55 10
312 67 1
313 67 2
314 46 4
315 19 0
316 47 5
317 55 11
318 67 3
319 47 6
320 68 0
321 34 9
322 68 1
323 34 17
324 47 7
325 47 8
326 52 15
327 56 12
328 52 16
329 52 17
330 57 13
331 68 2
332 68 3
333 49 4
334 53 18
335 69 0
336 69 1
337 69 2
338 59 9
339 69 3
340 50 5
341 50 6
342 70 0
343 70 1
344 29 0
345 50 7
346 70 2
347 50 8
348 52 4
349 41 0
350 70 3
351 39 1
352 42 0
353 71 0
354 53 5
355 39 0
356 53 6
357 60 10
358 43 0
359 71 1
360 57 14
361 60 11
362 44 0
363 71 2
364 53 7
365 45 0
366 71 3
367 46 0
368 53 8
369 58 15
370 58 16
371 72 0
372 47 0
373 72 1
374 48 0
375 72 2
376 49 0
377 55 4
378 72 3
379 50 0
380 73 0
381 51 0
382 73 1
383 52 0
384 56 5
385 73 2
386 56 6
387 61 12
388 5 8
389 53 0
390 73 3
391 54 0
392 74 0
393 30 11
394 55 0
395 56 7
396 74 1
397 62 13
398 56 8
399 58 17
400 58 4
401 56 0
402 74 2
403 40 3
404 57 0
405 1 0
406 2 5
407 5 18
408 5 7
409 8 5
410 59 18
411 74 3
412 6 1
413 7 3
414 5 10
415 8 1
416 58 0
417 59 5
418 14 2
419 7 13
420 11 3
421 8 0
422 10 10
423 10 0
424 10 4
425 75 0
426 11 7
427 12 3
428 15 10
429 21 2
430 20 1
431 20 0
432 20 3
433 22 15
434 59 0
435 24 2
436 75 1
437 23 8
438 21 12
439 21 0
440 21 1
441 59 6
442 75 2
443 75 3
444 63 14
445 64 9
446 15 1
447 24 3
448 22 3
449 28 1
450 27 2
451 35 3
452 26 2
453 36 1
454 65 10
455 26 1
456 76 0
457 76 1
458 76 2
459 76 3
460 14 9
461 77 0
462 65 11
463 13 2
464 9 2
465 29 2
466 29 1
467 77 1
468 29 8
469 59 7
470 29 3
471 32 5
472 28 17
473 30 3
474 29 5
475 27 13
476 28 15
477 29 7
478 30 2
479 28 16
480 32 2
481 22 0
482 34 15
483 66 12
484 30 1
485 77 2
486 32 3
487 35 0
488 31 3
489 77 3
490 78 0
491 78 1
492 78 2
493 78 3
494 30 10
495 40 2
496 79 0
497 79 1
498 36 3
499 79 2
500 79 3
501 59 8
502 61 4
503 64 15
504 67 13
505 27 0
506 34 0
507 80 0
508 80 1
509 80 2
510 80 3
511 81 0
512 28 0
513 81 1
514 81 2
515 28 2
516 81 3
517 82 0
518 62 5
519 64 16
520 64 17
521 62 6
522 65 18
523 38 3
524 62 7
525 34 16
526 35 11
527 82 1
528 34 2
529 69 9
530 62 8
531 64 4
532 29 9
533 65 5
534 82 2
535 82 3
536 83 0
537 69 14
538 32 8
539 65 6
540 34 1
541 83 1
542 65 7
543 83 2
544 70 15
545 65 8
546 37 2
547 83 3
548 84 0
549 84 1
550 84 2
551 23 3
552 84 3
553 70 10
554 67 4
555 85 0
556 68 5
557 33 3
558 85 1
559 70 16
560 70 17
561 68 6
562 85 2
563 85 3
564 86 0
565 36 0
566 68 7
567 86 1
568 86 2
569 37 3
570 35 10
571 68 8
572 37 1
573 86 3
574 70 4
575 87 0
576 87 1
577 87 2
578 87 3
579 88 0
580 19 2
581 19 4
582 88 1
583 70 11
584 40 1
585 9 1
586 88 2
587 71 5
588 71 12
589 71 6
590 88 3
591 89 0
592 71 7
593 71 18
594 89 1
595 89 2
596 89 3
597 71 8
598 73 4
599 72 13
600 74 9
601 90 0
602 90 1
603 90 2
604 74 5
605 90 3
606 91 0
