// The next line is the dfg name
random1_4type_invdelay
// The next lines are FU parameters given as:
// <FU type>  <resource constraint>  <# of FUs used>  <FU delay>
ADD 5 5 1
MUL 5 5 3
DIV 5 5 5
SQRT 5 5 6
actual latency 79
0 1 1
1 2 0
2 3 0
3 4 0
4 4 1
5 4 2
6 5 16
7 11 3
8 5 0
9 6 6
10 9 4
11 9 0
12 11 11
13 10 10
14 15 3
15 15 1
16 15 4
17 15 2
18 5 2
19 5 1
20 5 3
21 5 10
22 50 0
23 16 5
24 23 3
25 16 1
26 37 5
27 31 0
28 22 1
29 6 7
30 6 0
31 6 11
32 6 18
33 6 2
34 6 12
35 6 1
36 6 19
37 36 1
38 16 2
39 16 0
40 7 2
41 17 16
42 36 2
43 17 4
44 31 3
45 30 17
46 18 18
47 36 3
48 18 14
49 5 4
50 36 4
51 38 1
52 31 4
53 38 2
54 18 6
55 20 1
56 18 7
57 18 19
58 39 6
59 36 9
60 21 1
61 38 3
62 24 7
63 19 1
64 19 2
65 30 18
66 38 4
67 11 13
68 10 15
69 12 17
70 10 4
71 10 0
72 40 1
73 10 2
74 40 2
75 40 3
76 40 4
77 30 19
78 30 9
79 41 1
80 23 16
81 39 7
82 41 2
83 23 14
84 28 2
85 11 4
86 41 3
87 24 17
88 39 8
89 41 4
90 20 0
91 33 14
92 42 1
93 39 9
94 42 2
95 42 3
96 30 0
97 27 8
98 29 1
99 21 11
100 40 5
101 42 4
102 22 3
103 42 6
104 43 1
105 43 2
106 11 1
107 35 10
108 43 3
109 43 4
110 42 7
111 42 8
112 44 1
113 32 3
114 20 4
115 23 1
116 26 13
117 44 2
118 42 9
119 43 5
120 45 6
121 16 4
122 31 12
123 16 3
124 45 7
125 34 15
126 36 11
127 44 3
128 26 0
129 27 6
130 26 12
131 45 8
132 45 9
133 21 3
134 22 0
135 44 4
136 46 5
137 45 1
138 45 2
139 35 16
140 45 3
141 45 4
142 48 6
143 18 4
144 46 1
145 36 17
146 46 2
147 48 7
148 11 2
149 18 17
150 46 3
151 36 18
152 36 12
153 36 13
154 26 4
155 12 18
156 48 8
157 48 9
158 46 4
159 47 1
160 47 2
161 38 14
162 36 19
163 47 3
164 47 4
165 48 1
166 7 5
167 12 6
168 48 2
169 48 3
170 28 14
171 49 5
172 40 15
173 27 2
174 48 4
175 49 1
176 49 2
177 33 1
178 34 3
179 33 4
180 33 3
181 33 2
182 40 10
183 49 3
184 41 11
185 49 4
186 41 16
187 51 6
188 50 1
189 51 7
190 42 17
191 50 2
192 50 3
193 50 4
194 51 8
195 51 0
196 31 11
197 51 1
198 51 2
199 51 3
200 51 4
201 52 0
202 1 5
203 4 5
204 7 0
205 7 1
206 8 8
207 11 16
208 11 0
209 41 12
210 24 8
211 17 0
212 17 2
213 17 1
214 52 1
215 17 3
216 22 5
217 41 13
218 52 2
219 22 2
220 27 7
221 18 0
222 52 3
223 18 3
224 18 1
225 8 0
226 52 4
227 36 8
228 53 0
229 53 1
230 19 5
231 42 18
232 18 2
233 13 14
234 53 2
235 9 3
236 9 7
237 9 9
238 9 2
239 10 5
240 9 1
241 9 6
242 12 2
243 53 3
244 12 0
245 42 19
246 53 4
247 46 15
248 20 2
249 23 4
250 54 0
251 31 2
252 54 1
253 19 0
254 32 4
255 54 2
256 15 10
257 12 19
258 54 3
259 11 12
260 54 4
261 12 7
262 12 3
263 55 0
264 12 8
265 12 9
266 12 1
267 12 4
268 55 1
269 15 8
270 21 13
271 55 2
272 51 9
273 21 8
274 43 14
275 20 10
276 45 10
277 52 5
278 10 1
279 25 5
280 55 3
281 13 1
282 55 4
283 15 7
284 16 15
285 56 0
286 14 1
287 56 1
288 56 2
289 14 3
290 27 4
291 33 8
292 25 4
293 24 18
294 36 7
295 24 3
296 56 3
297 56 4
298 57 0
299 54 6
300 57 1
301 13 2
302 57 2
303 57 3
304 47 16
305 8 1
306 21 4
307 57 4
308 48 17
309 30 8
310 46 11
311 54 7
312 24 9
313 58 0
314 48 18
315 35 2
316 10 3
317 58 1
318 58 2
319 19 3
320 20 3
321 58 3
322 48 19
323 19 4
324 58 4
325 59 0
326 30 1
327 59 1
328 46 12
329 59 2
330 46 13
331 52 15
332 40 0
333 32 1
334 36 0
335 54 8
336 59 3
337 38 0
338 48 14
339 50 10
340 53 16
341 54 17
342 59 4
343 41 0
344 39 0
345 54 9
346 60 0
347 42 0
348 24 6
349 60 1
350 32 0
351 60 2
352 51 11
353 15 9
354 54 18
355 54 19
356 43 0
357 55 5
358 60 3
359 44 0
360 58 15
361 59 16
362 60 4
363 51 12
364 61 0
365 45 0
366 61 1
367 46 0
368 61 2
369 61 3
370 47 0
371 61 4
372 48 0
373 57 6
374 62 0
375 62 1
376 51 13
377 57 7
378 49 0
379 62 2
380 62 3
381 60 17
382 62 4
383 13 4
384 57 8
385 13 3
386 57 9
387 63 0
388 58 5
389 63 1
390 53 14
391 55 10
392 60 6
393 28 5
394 29 4
395 63 2
396 63 3
397 60 7
398 56 11
399 60 18
400 63 4
401 1 0
402 2 15
403 2 1
404 8 14
405 13 0
406 60 19
407 64 0
408 14 2
409 15 6
410 14 0
411 14 4
412 15 0
413 31 5
414 16 12
415 16 11
416 18 9
417 16 13
418 18 8
419 60 8
420 23 0
421 60 9
422 33 9
423 21 0
424 3 6
425 64 1
426 21 6
427 21 9
428 32 2
429 21 2
430 56 12
431 64 2
432 21 7
433 23 2
434 24 1
435 35 1
436 64 3
437 64 4
438 26 11
439 61 5
440 24 2
441 31 1
442 24 4
443 13 5
444 6 17
445 25 10
446 36 6
447 65 0
448 64 15
449 65 1
450 63 6
451 65 2
452 65 3
453 65 4
454 22 4
455 66 0
456 66 1
457 24 0
458 56 13
459 22 15
460 66 2
461 63 7
462 24 19
463 33 6
464 25 3
465 25 0
466 66 3
467 66 4
468 25 1
469 29 16
470 25 2
471 63 8
472 65 16
473 63 9
474 64 5
475 66 6
476 26 2
477 66 17
478 26 1
479 67 0
480 66 7
481 67 1
482 28 1
483 66 8
484 28 4
485 30 10
486 66 18
487 66 19
488 28 3
489 28 0
490 66 9
491 58 14
492 29 3
493 60 10
494 67 2
495 70 15
496 28 15
497 67 3
498 29 0
499 67 4
500 30 7
501 61 11
502 61 12
503 27 3
504 27 1
505 29 2
506 30 6
507 68 0
508 68 1
509 27 9
510 68 2
511 37 4
512 61 13
513 33 7
514 68 3
515 68 4
516 69 0
517 27 0
518 67 5
519 69 1
520 69 6
521 30 3
522 69 2
523 69 3
524 69 4
525 71 16
526 70 0
527 70 1
528 70 2
529 39 2
530 33 0
531 26 3
532 69 7
533 72 17
534 70 3
535 70 4
536 69 8
537 71 0
538 34 2
539 34 1
540 34 0
541 63 14
542 34 5
543 37 0
544 37 2
545 65 10
546 37 1
547 71 1
548 71 2
549 66 11
550 35 0
551 66 12
552 71 3
553 21 12
554 66 13
555 71 4
556 72 0
557 72 1
558 72 2
559 68 14
560 72 3
561 31 13
562 39 1
563 69 9
564 70 10
565 35 3
566 35 4
567 37 3
568 72 4
569 73 0
570 73 1
571 73 2
572 71 11
573 70 5
574 71 12
575 73 3
576 72 6
577 71 13
578 73 14
579 73 4
580 74 0
581 72 7
582 39 3
583 39 4
584 72 18
585 74 1
586 74 2
587 74 3
588 34 4
589 30 4
590 30 2
591 6 13
592 72 8
593 72 9
594 74 4
595 75 0
596 75 1
597 73 5
598 75 6
599 75 7
600 75 10
