// The next line is the dfg name
random3_4type_invdelay
// The next lines are FU parameters given as:
// <FU type>  <resource constraint>  <# of FUs used>  <FU delay>
ADD 6 6 1
MUL 6 6 3
DIV 6 6 5
SQRT 6 6 6
actual latency 85
0 1 18
1 8 6
2 11 6
3 14 6
4 14 0
5 14 1
6 17 6
7 17 7
8 20 0
9 20 2
10 21 15
11 21 20
12 21 1
13 24 13
14 22 0
15 26 1
16 61 0
17 26 7
18 29 22
19 29 5
20 26 4
21 26 19
22 26 0
23 29 1
24 29 2
25 27 3
26 27 0
27 27 12
28 30 23
29 28 0
30 32 5
31 30 0
32 30 3
33 30 4
34 31 15
35 32 7
36 29 7
37 29 0
38 30 5
39 32 1
40 34 1
41 32 0
42 32 6
43 32 2
44 27 2
45 11 5
46 29 6
47 35 0
48 33 20
49 34 2
50 33 5
51 32 12
52 34 3
53 35 14
54 31 0
55 31 3
56 35 11
57 35 7
58 33 1
59 34 4
60 34 13
61 35 21
62 35 9
63 33 2
64 35 8
65 33 0
66 36 15
67 36 1
68 39 1
69 38 8
70 36 23
71 41 10
72 36 0
73 36 4
74 40 14
75 39 2
76 39 3
77 38 0
78 38 4
79 21 2
80 28 4
81 42 0
82 44 7
83 42 12
84 42 1
85 44 13
86 35 6
87 34 5
88 35 2
89 41 9
90 22 3
91 23 5
92 37 1
93 42 3
94 38 19
95 35 3
96 29 8
97 38 5
98 37 2
99 37 5
100 39 4
101 37 12
102 38 7
103 39 5
104 37 0
105 40 1
106 40 2
107 47 6
108 40 3
109 40 4
110 38 1
111 40 5
112 42 4
113 28 5
114 43 18
115 44 1
116 44 6
117 45 14
118 44 19
119 43 0
120 46 15
121 44 9
122 41 21
123 38 6
124 41 3
125 44 10
126 41 4
127 41 5
128 42 5
129 44 11
130 41 7
131 41 15
132 41 8
133 43 3
134 43 4
135 43 5
136 44 2
137 44 3
138 41 0
139 47 7
140 25 1
141 47 1
142 47 2
143 47 3
144 47 4
145 46 1
146 44 4
147 44 5
148 45 1
149 45 2
150 46 16
151 45 3
152 45 4
153 45 5
154 46 17
155 47 12
156 36 16
157 39 13
158 41 6
159 46 2
160 46 3
161 46 4
162 38 11
163 46 5
164 47 5
165 31 18
166 31 16
167 31 4
168 31 17
169 31 5
170 35 4
171 32 19
172 35 5
173 29 9
174 47 8
175 48 1
176 36 5
177 47 9
178 37 18
179 47 10
180 48 2
181 48 3
182 47 11
183 39 20
184 48 4
185 48 5
186 45 20
187 50 6
188 50 7
189 47 21
190 49 1
191 49 2
192 50 8
193 50 9
194 49 3
195 49 4
196 29 10
197 50 10
198 1 6
199 4 1
200 4 0
201 4 13
202 4 4
203 4 5
204 4 3
205 4 2
206 13 1
207 18 5
208 5 14
209 5 2
210 5 4
211 5 0
212 5 5
213 5 8
214 6 3
215 7 1
216 5 9
217 5 11
218 5 7
219 25 2
220 5 22
221 5 1
222 17 12
223 19 13
224 8 10
225 8 4
226 6 4
227 7 2
228 13 3
229 8 8
230 25 3
231 9 4
232 10 14
233 11 22
234 5 3
235 13 18
236 25 4
237 19 5
238 10 3
239 24 5
240 11 4
241 7 4
242 6 5
243 6 15
244 25 5
245 6 16
246 49 5
247 6 17
248 8 11
249 6 0
250 50 1
251 6 1
252 8 19
253 7 18
254 11 15
255 20 14
256 9 20
257 50 2
258 50 3
259 6 23
260 17 22
261 50 4
262 50 5
263 18 23
264 6 2
265 19 18
266 23 11
267 51 1
268 51 2
269 29 11
270 7 5
271 51 3
272 51 4
273 7 0
274 8 1
275 12 23
276 8 9
277 12 1
278 12 4
279 51 5
280 52 1
281 25 14
282 8 3
283 7 3
284 50 11
285 52 2
286 20 19
287 13 2
288 11 21
289 26 15
290 12 5
291 52 3
292 52 4
293 52 5
294 53 1
295 53 2
296 53 6
297 53 3
298 5 21
299 53 4
300 14 9
301 23 21
302 32 10
303 26 11
304 9 1
305 9 2
306 32 11
307 26 16
308 53 5
309 23 22
310 54 1
311 24 23
312 54 2
313 26 17
314 54 3
315 54 4
316 54 5
317 55 1
318 55 2
319 55 3
320 53 7
321 55 4
322 36 17
323 55 5
324 11 2
325 56 1
326 49 13
327 56 2
328 50 14
329 56 3
330 56 4
331 56 5
332 17 4
333 17 3
334 53 8
335 25 18
336 53 9
337 51 15
338 57 1
339 51 16
340 41 22
341 14 19
342 57 2
343 57 3
344 53 10
345 51 17
346 53 11
347 57 4
348 57 5
349 52 12
350 58 1
351 58 2
352 15 14
353 58 3
354 58 4
355 58 5
356 42 23
357 59 1
358 56 6
359 59 2
360 56 7
361 59 3
362 59 4
363 54 13
364 12 0
365 59 5
366 56 8
367 60 1
368 56 9
369 55 14
370 47 22
371 56 10
372 56 11
373 48 23
374 16 17
375 12 12
376 56 15
377 60 2
378 60 3
379 60 4
380 16 16
381 60 5
382 21 16
383 56 16
384 61 1
385 59 6
386 59 7
387 49 18
388 59 8
389 59 9
390 59 10
391 61 2
392 61 3
393 61 4
394 61 5
395 62 0
396 62 1
397 56 17
398 59 11
399 62 6
400 62 2
401 57 12
402 62 7
403 62 3
404 1 1
405 2 0
406 2 12
407 2 19
408 2 8
409 5 10
410 50 19
411 7 12
412 3 20
413 11 9
414 10 5
415 18 4
416 62 4
417 9 13
418 62 5
419 8 5
420 10 4
421 62 8
422 14 2
423 16 2
424 14 5
425 62 9
426 15 5
427 63 0
428 14 4
429 59 13
430 51 20
431 63 1
432 15 0
433 63 2
434 63 3
435 16 5
436 20 9
437 3 0
438 14 3
439 16 0
440 63 4
441 15 3
442 16 4
443 23 10
444 63 5
445 53 21
446 62 10
447 17 1
448 60 14
449 18 0
450 19 2
451 64 0
452 64 1
453 62 11
454 64 2
455 64 3
456 61 15
457 64 4
458 22 5
459 20 6
460 20 11
461 64 5
462 65 6
463 65 0
464 65 1
465 15 1
466 15 2
467 65 2
468 65 3
469 65 4
470 65 5
471 65 7
472 9 5
473 66 0
474 9 3
475 22 4
476 21 5
477 21 4
478 16 1
479 53 22
480 23 7
481 54 23
482 23 6
483 38 9
484 66 1
485 23 8
486 23 4
487 44 0
488 27 20
489 66 2
490 55 18
491 26 3
492 61 16
493 65 8
494 56 19
495 18 2
496 66 3
497 65 9
498 65 10
499 45 0
500 61 17
501 21 3
502 39 0
503 42 2
504 26 9
505 17 21
506 38 2
507 57 20
508 32 8
509 41 1
510 40 0
511 65 11
512 66 4
513 62 12
514 37 3
515 34 0
516 59 21
517 64 13
518 23 0
519 24 3
520 65 14
521 33 3
522 68 6
523 23 3
524 43 1
525 18 3
526 41 16
527 17 8
528 66 15
529 25 0
530 24 0
531 32 3
532 66 16
533 66 5
534 26 6
535 68 7
536 26 8
537 66 17
538 68 8
539 24 2
540 68 9
541 28 2
542 59 22
543 30 1
544 27 5
545 29 3
546 68 10
547 35 1
548 31 1
549 36 2
550 46 0
551 68 11
552 60 23
553 47 0
554 71 6
555 67 0
556 67 1
557 16 3
558 48 0
559 71 7
560 67 2
561 71 8
562 71 9
563 67 12
564 71 10
565 26 2
566 67 3
567 49 0
568 67 4
569 67 5
570 50 0
571 69 13
572 35 22
573 68 0
574 68 1
575 51 0
576 70 14
577 68 2
578 61 18
579 62 19
580 68 3
581 71 15
582 71 16
583 52 0
584 68 4
585 71 11
586 68 5
587 74 6
588 71 17
589 53 0
590 69 0
591 69 1
592 74 7
593 54 0
594 69 2
595 69 3
596 74 8
597 55 0
598 63 20
599 69 4
600 69 5
601 56 0
602 70 0
603 72 12
604 1 0
605 2 7
606 5 6
607 8 2
608 8 0
609 11 17
610 20 5
611 70 1
612 9 0
613 11 8
614 20 4
615 11 7
616 57 0
617 10 1
618 10 2
619 14 11
620 10 0
621 17 5
622 14 7
623 11 11
624 70 2
625 17 2
626 20 10
627 17 0
628 70 3
629 58 0
630 70 4
631 70 5
632 17 11
633 8 7
634 74 9
635 74 13
636 59 0
637 14 10
638 14 13
639 20 3
640 20 8
641 71 0
642 19 0
643 19 4
644 19 1
645 20 7
646 71 1
647 20 1
648 60 0
649 71 2
650 71 3
651 74 10
652 71 4
653 11 1
654 11 16
655 75 14
656 11 0
657 65 21
658 12 3
659 13 5
660 11 10
661 74 11
662 71 5
663 21 0
664 76 15
665 72 0
666 22 2
667 22 1
668 72 1
669 72 2
670 77 6
671 72 3
672 72 4
673 23 9
674 22 12
675 77 7
676 72 5
677 14 8
678 17 10
679 77 8
680 77 9
681 15 4
682 73 0
683 73 1
684 17 9
685 11 3
686 27 4
687 73 2
688 73 3
689 27 1
690 29 21
691 73 4
692 65 22
693 23 2
694 73 5
695 74 0
696 77 10
697 74 1
698 74 2
699 74 3
700 74 4
701 74 5
702 75 0
703 66 23
704 75 1
705 67 18
706 16 15
707 75 2
708 68 19
709 26 5
710 75 3
711 75 4
712 18 1
713 69 20
714 75 5
715 77 11
716 76 16
717 76 0
718 76 1
719 76 17
720 77 12
721 76 2
722 76 3
723 76 4
724 80 6
725 76 5
726 24 1
727 77 0
728 79 13
729 77 1
730 77 2
731 80 14
732 80 7
733 77 3
734 21 17
735 19 3
736 77 4
737 77 5
738 78 0
739 71 21
740 78 1
741 29 13
742 78 2
743 80 8
744 28 1
745 71 22
746 81 15
747 78 3
748 30 14
749 78 4
750 78 5
751 79 0
752 79 1
753 79 2
754 35 10
755 72 23
756 79 3
757 73 18
758 79 4
759 74 19
760 13 4
761 79 5
762 15 20
763 80 0
764 12 2
765 80 1
766 80 9
767 80 2
768 80 3
769 23 1
770 80 10
771 80 4
772 80 5
773 44 8
774 81 0
775 81 16
776 81 1
777 41 17
778 75 20
779 81 2
780 77 21
781 81 3
782 81 4
783 81 5
784 82 0
785 82 1
786 43 2
787 13 0
788 41 2
789 38 3
790 37 4
791 36 3
792 77 22
793 33 4
794 32 4
795 31 2
796 41 11
797 38 10
798 30 2
799 32 9
800 26 10
801 29 4
802 78 23
803 28 3
804 24 4
805 79 18
