// The next line is the dfg name
random6_4type_invdelay
// The next lines are FU parameters given as:
// <FU type>  <resource constraint>  <# of FUs used>  <FU delay>
ADD 15 15 1
MUL 15 15 3
DIV 16 16 5
SQRT 16 16 6
actual latency 76
0 1 0
1 2 0
2 3 16
3 6 5
4 49 15
5 6 9
6 6 6
7 14 26
8 6 2
9 67 0
10 6 35
11 6 3
12 31 1
13 7 15
14 7 14
15 29 24
16 7 44
17 16 14
18 31 2
19 7 61
20 7 3
21 7 6
22 7 2
23 24 12
24 7 22
25 7 45
26 27 39
27 11 50
28 7 21
29 24 9
30 8 47
31 8 29
32 31 3
33 9 48
34 8 24
35 9 7
36 29 4
37 14 28
38 29 25
39 29 5
40 8 6
41 8 25
42 29 6
43 29 7
44 7 20
45 29 26
46 27 40
47 19 60
48 7 42
49 29 27
50 9 3
51 17 23
52 17 8
53 17 45
54 17 39
55 29 8
56 29 9
57 14 47
58 28 10
59 11 5
60 28 11
61 20 13
62 12 43
63 11 27
64 11 2
65 17 14
66 29 28
67 28 12
68 10 13
69 28 13
70 10 6
71 10 5
72 11 30
73 28 14
74 29 10
75 29 11
76 28 22
77 29 12
78 12 2
79 28 2
80 29 13
81 21 38
82 24 56
83 29 14
84 20 26
85 15 32
86 30 4
87 29 29
88 30 5
89 31 17
90 16 22
91 30 6
92 31 18
93 30 7
94 25 46
95 30 8
96 27 41
97 25 58
98 30 9
99 18 14
100 30 10
101 30 11
102 27 1
103 31 19
104 30 12
105 16 35
106 25 59
107 16 3
108 16 19
109 30 13
110 31 20
111 25 60
112 30 14
113 31 4
114 31 21
115 27 42
116 31 5
117 11 3
118 11 28
119 31 6
120 11 34
121 11 13
122 31 7
123 11 12
124 31 22
125 31 8
126 26 6
127 32 24
128 32 25
129 26 7
130 32 26
131 31 9
132 31 10
133 31 11
134 25 6
135 11 9
136 16 8
137 26 36
138 13 17
139 20 23
140 16 4
141 23 3
142 31 12
143 25 61
144 18 7
145 26 37
146 11 8
147 31 13
148 26 47
149 31 14
150 26 38
151 32 27
152 19 7
153 32 1
154 27 48
155 12 10
156 32 28
157 29 49
158 32 2
159 32 3
160 32 4
161 29 50
162 29 51
163 27 43
164 30 52
165 30 53
166 19 6
167 32 5
168 32 6
169 32 7
170 27 44
171 27 45
172 17 7
173 32 8
174 32 29
175 32 9
176 32 10
177 32 11
178 31 34
179 32 39
180 32 12
181 35 24
182 32 13
183 18 4
184 32 14
185 33 1
186 21 5
187 33 2
188 20 12
189 13 9
190 33 3
191 33 4
192 35 25
193 34 19
194 33 5
195 34 20
196 32 40
197 34 21
198 33 6
199 32 41
200 12 7
201 33 7
202 34 22
203 33 8
204 12 56
205 20 11
206 33 9
207 33 10
208 35 26
209 35 27
210 30 54
211 30 55
212 33 11
213 20 25
214 33 12
215 33 13
216 31 36
217 33 14
218 30 56
219 34 1
220 34 2
221 34 3
222 34 4
223 34 5
224 25 17
225 35 28
226 35 29
227 24 10
228 34 6
229 34 7
230 34 8
231 34 9
232 13 5
233 31 37
234 31 38
235 34 10
236 34 11
237 30 57
238 14 25
239 34 12
240 34 13
241 15 7
242 31 46
243 37 17
244 34 14
245 38 1
246 38 2
247 32 42
248 31 58
249 37 18
250 35 3
251 32 43
252 31 59
253 35 4
254 32 44
255 35 5
256 35 6
257 31 60
258 35 7
259 35 8
260 35 9
261 21 6
262 35 10
263 35 11
264 31 61
265 32 47
266 37 19
267 35 12
268 32 45
269 37 20
270 35 13
271 34 31
272 35 14
273 37 3
274 37 21
275 33 48
276 36 4
277 36 5
278 35 32
279 36 6
280 36 7
281 36 8
282 36 9
283 36 10
284 36 11
285 36 30
286 37 22
287 35 49
288 36 33
289 36 12
290 36 13
291 36 14
292 37 4
293 37 5
294 37 6
295 38 24
296 37 7
297 35 50
298 38 25
299 38 26
300 35 51
301 37 8
302 1 46
303 7 39
304 12 0
305 12 16
306 37 9
307 17 43
308 13 3
309 21 37
310 13 15
311 13 46
312 13 0
313 16 12
314 15 3
315 36 52
316 15 48
317 15 0
318 19 1
319 37 10
320 14 10
321 37 11
322 17 11
323 16 34
324 14 0
325 17 50
326 16 5
327 16 6
328 16 0
329 16 1
330 37 12
331 17 49
332 20 32
333 37 13
334 22 12
335 16 15
336 25 2
337 17 0
338 37 14
339 38 27
340 23 0
341 23 1
342 38 28
343 19 0
344 38 3
345 19 15
346 21 35
347 7 8
348 17 10
349 38 4
350 38 5
351 26 23
352 36 53
353 9 8
354 20 47
355 20 0
356 20 24
357 10 9
358 21 48
359 22 21
360 24 53
361 38 6
362 36 34
363 22 39
364 18 16
365 21 1
366 22 13
367 38 29
368 38 7
369 36 54
370 22 45
371 21 0
372 23 50
373 22 44
374 36 35
375 25 32
376 40 17
377 24 3
378 28 7
379 24 16
380 36 55
381 40 18
382 40 19
383 22 0
384 22 3
385 28 6
386 28 5
387 23 49
388 36 36
389 38 8
390 36 37
391 38 9
392 28 4
393 24 31
394 38 10
395 38 11
396 23 23
397 40 20
398 38 12
399 36 56
400 38 13
401 36 57
402 22 1
403 40 21
404 38 14
405 16 11
406 31 30
407 36 38
408 40 22
409 23 24
410 39 1
411 37 46
412 37 39
413 39 2
414 18 3
415 16 38
416 37 40
417 24 6
418 39 3
419 26 30
420 39 4
421 24 0
422 24 52
423 39 5
424 41 24
425 39 6
426 25 18
427 25 0
428 25 1
429 41 25
430 39 7
431 30 32
432 39 8
433 39 9
434 15 14
435 41 26
436 37 41
437 14 3
438 39 10
439 37 42
440 22 8
441 22 4
442 39 11
443 41 27
444 23 5
445 41 28
446 37 43
447 41 29
448 39 12
449 39 13
450 24 55
451 37 44
452 39 14
453 43 17
454 40 1
455 37 45
456 21 4
457 40 2
458 40 3
459 16 18
460 43 18
461 43 19
462 28 3
463 16 37
464 43 20
465 43 21
466 15 4
467 26 0
468 26 3
469 37 58
470 40 4
471 40 5
472 37 59
473 40 6
474 31 33
475 40 7
476 40 8
477 30 0
478 40 9
479 43 22
480 27 16
481 40 10
482 44 24
483 35 0
484 44 25
485 40 11
486 40 12
487 44 26
488 40 13
489 44 27
490 39 31
491 29 0
492 29 31
493 40 14
494 41 1
495 40 32
496 37 60
497 44 28
498 41 2
499 41 3
500 44 29
501 41 4
502 41 5
503 37 61
504 46 17
505 41 6
506 41 30
507 41 33
508 41 7
509 46 18
510 41 8
511 41 9
512 38 47
513 26 1
514 26 4
515 26 24
516 36 1
517 36 0
518 41 10
519 41 11
520 41 12
521 46 19
522 39 48
523 27 0
524 46 20
525 27 14
526 41 49
527 41 13
528 41 14
529 46 21
530 41 34
531 42 1
532 41 35
533 41 50
534 46 22
535 42 2
536 41 36
537 42 3
538 47 24
539 42 4
540 42 5
541 42 6
542 42 7
543 42 8
544 42 9
545 41 37
546 42 10
547 42 11
548 41 51
549 42 12
550 47 25
551 42 13
552 42 14
553 47 26
554 30 1
555 43 1
556 43 2
557 47 27
558 37 0
559 43 3
560 43 4
561 43 5
562 47 28
563 43 6
564 43 7
565 47 29
566 49 17
567 43 8
568 41 38
569 43 9
570 43 10
571 43 11
572 43 12
573 42 39
574 43 13
575 43 14
576 34 15
577 42 40
578 42 52
579 44 1
580 49 18
581 49 19
582 44 2
583 44 3
584 49 20
585 44 4
586 49 21
587 44 5
588 49 22
589 42 53
590 42 41
591 42 42
592 44 6
593 44 7
594 42 54
595 44 8
596 44 9
597 42 55
598 50 23
599 42 56
600 42 57
601 44 10
602 44 11
603 44 12
604 50 24
605 43 46
606 44 13
607 1 30
608 6 16
609 6 10
610 6 0
611 6 52
612 7 17
613 10 3
614 7 0
615 7 41
616 19 14
617 7 40
618 10 22
619 50 25
620 7 5
621 50 26
622 10 7
623 13 22
624 43 58
625 27 13
626 44 14
627 8 14
628 8 1
629 8 26
630 8 0
631 27 12
632 12 57
633 9 0
634 45 1
635 12 4
636 12 1
637 43 59
638 12 5
639 12 41
640 45 2
641 12 54
642 12 8
643 9 12
644 10 0
645 45 3
646 45 4
647 18 9
648 10 19
649 18 10
650 45 5
651 50 27
652 27 11
653 45 6
654 15 11
655 11 7
656 11 49
657 45 7
658 45 8
659 45 9
660 43 60
661 45 10
662 22 43
663 45 11
664 45 12
665 18 55
666 17 42
667 8 8
668 45 13
669 42 43
670 9 5
671 18 13
672 9 10
673 45 14
674 12 13
675 13 4
676 17 12
677 11 4
678 13 11
679 46 1
680 27 10
681 20 7
682 46 2
683 11 38
684 50 28
685 14 5
686 46 3
687 15 8
688 42 44
689 43 61
690 14 4
691 46 4
692 44 47
693 14 31
694 13 59
695 46 5
696 12 9
697 46 6
698 27 9
699 19 46
700 46 7
701 46 8
702 17 13
703 21 34
704 50 29
705 27 8
706 46 9
707 51 16
708 17 5
709 27 7
710 17 2
711 17 4
712 42 45
713 26 14
714 10 10
715 46 10
716 52 15
717 26 13
718 22 42
719 52 17
720 18 1
721 22 20
722 18 52
723 46 11
724 17 29
725 46 12
726 16 30
727 52 18
728 13 7
729 52 19
730 46 13
731 13 21
732 28 15
733 12 42
734 13 19
735 44 31
736 46 14
737 25 5
738 26 12
739 19 59
740 45 48
741 47 1
742 26 11
743 47 49
744 16 20
745 47 2
746 47 3
747 47 4
748 47 5
749 47 6
750 47 7
751 45 32
752 24 2
753 19 20
754 47 8
755 52 20
756 47 9
757 47 10
758 47 11
759 47 12
760 47 50
761 47 13
762 47 51
763 22 41
764 47 14
765 21 33
766 48 1
767 28 19
768 22 5
769 28 18
770 22 10
771 48 2
772 48 3
773 48 4
774 52 21
775 48 5
776 25 3
777 10 4
778 48 6
779 20 8
780 48 7
781 52 22
782 48 8
783 26 10
784 10 11
785 24 54
786 21 36
787 26 9
788 48 9
789 19 18
790 11 24
791 48 10
792 48 11
793 22 15
794 22 19
795 25 14
796 48 12
797 48 13
798 13 8
799 46 30
800 53 23
801 48 14
802 28 17
803 26 29
804 49 1
805 49 2
806 13 6
807 46 33
808 49 3
809 53 24
810 49 4
811 49 5
812 48 52
813 49 6
814 49 7
815 49 8
816 53 25
817 26 28
818 23 7
819 25 13
820 49 9
821 48 53
822 26 5
823 49 10
824 49 11
825 49 12
826 49 13
827 48 54
828 26 27
829 46 34
830 53 26
831 53 27
832 49 14
833 50 1
834 50 2
835 50 3
836 48 55
837 14 9
838 48 56
839 46 35
840 14 6
841 48 57
842 26 26
843 49 46
844 46 36
845 50 4
846 15 5
847 50 5
848 53 28
849 50 6
850 50 7
851 50 8
852 49 58
853 25 19
854 50 9
855 53 29
856 50 10
857 54 16
858 49 59
859 50 11
860 50 12
861 49 60
862 55 15
863 50 13
864 50 14
865 55 17
866 55 18
867 55 19
868 49 61
869 46 37
870 51 1
871 55 20
872 51 2
873 51 3
874 46 38
875 51 4
876 51 5
877 47 39
878 51 6
879 47 40
880 55 21
881 55 22
882 51 7
883 51 8
884 56 23
885 28 20
886 47 41
887 51 9
888 51 10
889 51 11
890 51 12
891 47 42
892 51 13
893 51 14
894 52 1
895 50 47
896 56 24
897 52 2
898 52 3
899 52 4
900 52 5
901 52 6
902 52 7
903 52 8
904 51 48
905 52 9
906 47 43
907 52 10
908 1 15
909 4 0
910 5 0
911 4 18
912 6 1
913 7 1
914 8 11
915 8 2
916 8 5
917 8 12
918 53 49
919 9 31
920 56 25
921 8 4
922 52 11
923 9 16
924 4 31
925 14 23
926 26 25
927 17 1
928 52 12
929 17 25
930 17 51
931 5 7
932 19 58
933 52 13
934 9 1
935 52 14
936 29 23
937 10 15
938 18 0
939 53 1
940 12 6
941 13 12
942 12 3
943 12 40
944 47 44
945 10 1
946 10 12
947 9 11
948 53 2
949 11 6
950 11 51
951 25 12
952 53 3
953 53 4
954 53 5
955 53 50
956 17 40
957 17 3
958 19 2
959 56 26
960 19 17
961 25 11
962 20 28
963 47 45
964 16 36
965 13 10
966 53 51
967 31 15
968 53 6
969 53 7
970 53 8
971 13 2
972 13 58
973 53 9
974 13 60
975 49 31
976 53 10
977 20 3
978 20 6
979 22 40
980 20 4
981 30 16
982 20 9
983 53 11
984 56 27
985 23 4
986 53 12
987 53 13
988 23 2
989 54 52
990 13 14
991 9 6
992 23 25
993 21 2
994 53 14
995 54 53
996 16 13
997 14 8
998 14 2
999 14 12
1000 14 11
1001 50 32
1002 25 10
1003 54 1
1004 54 2
1005 18 2
1006 54 3
1007 54 4
1008 54 5
1009 10 18
1010 51 30
1011 54 54
1012 54 6
1013 25 15
1014 24 8
1015 54 55
1016 54 7
1017 54 8
1018 51 33
1019 24 4
1020 54 9
1021 54 10
1022 56 28
1023 54 11
1024 51 34
1025 10 21
1026 9 14
1027 26 34
1028 27 6
1029 19 4
1030 54 12
1031 54 13
1032 22 11
1033 54 14
1034 32 23
1035 55 1
1036 30 2
1037 55 2
1038 51 35
1039 19 31
1040 15 2
1041 54 56
1042 25 22
1043 29 2
1044 56 29
1045 54 57
1046 15 13
1047 19 9
1048 28 8
1049 55 3
1050 55 46
1051 20 27
1052 24 14
1053 34 17
1054 55 4
1055 31 0
1056 55 5
1057 55 58
1058 57 16
1059 55 6
1060 55 7
1061 51 36
1062 33 16
1063 55 8
1064 55 59
1065 51 37
1066 55 9
1067 35 23
1068 55 10
1069 32 0
1070 12 45
1071 13 20
1072 55 11
1073 58 15
1074 55 12
1075 36 16
1076 37 15
1077 24 13
1078 55 13
1079 58 17
1080 55 14
1081 56 1
1082 58 18
1083 56 2
1084 38 23
1085 56 3
1086 33 0
1087 56 4
1088 56 5
1089 56 6
1090 56 7
1091 16 2
1092 56 8
1093 55 60
1094 56 9
1095 34 0
1096 22 6
1097 23 51
1098 55 61
1099 56 10
1100 56 11
1101 58 19
1102 51 38
1103 58 20
1104 56 12
1105 56 13
1106 56 14
1107 24 1
1108 40 15
1109 56 47
1110 39 16
1111 52 39
1112 35 1
1113 57 1
1114 57 2
1115 18 54
1116 58 21
1117 52 40
1118 17 41
1119 36 2
1120 57 3
1121 57 4
1122 57 48
1123 52 41
1124 58 22
1125 37 1
1126 25 20
1127 59 23
1128 57 5
1129 57 6
1130 52 42
1131 57 7
1132 41 23
1133 57 8
1134 22 7
1135 57 9
1136 38 0
1137 57 10
1138 59 24
1139 28 0
1140 28 1
1141 25 21
1142 57 11
1143 52 43
1144 57 12
1145 59 25
1146 59 49
1147 52 44
1148 57 13
1149 57 14
1150 58 1
1151 42 16
1152 52 45
1153 58 2
1154 54 31
1155 29 1
1156 39 0
1157 43 15
1158 58 3
1159 58 4
1160 59 50
1161 55 32
1162 56 30
1163 58 5
1164 59 26
1165 59 51
1166 58 6
1167 58 7
1168 58 8
1169 40 0
1170 58 9
1171 58 10
1172 59 27
1173 58 11
1174 58 12
1175 58 13
1176 44 23
1177 56 33
1178 58 14
1179 59 1
1180 59 28
1181 41 0
1182 59 2
1183 59 3
1184 59 4
1185 59 5
1186 59 29
1187 59 6
1188 59 7
1189 42 0
1190 59 8
1191 59 9
1192 59 10
1193 46 15
1194 59 11
1195 59 12
1196 5 29
1197 59 13
1198 59 14
1199 60 52
1200 43 0
1201 45 16
1202 56 34
1203 60 1
1204 56 35
1205 60 2
1206 60 16
1207 56 36
1208 60 3
1209 1 2
1210 2 1
1211 3 0
1212 3 48
1213 3 1
1214 4 20
1215 4 2
1216 4 19
1217 10 20
1218 5 23
1219 24 11
1220 4 5
1221 4 6
1222 4 3
1223 4 1
1224 4 21
1225 4 15
1226 4 4
1227 5 25
1228 3 2
1229 5 27
1230 5 26
1231 5 24
1232 5 11
1233 5 49
1234 5 12
1235 61 15
1236 4 17
1237 8 9
1238 7 10
1239 5 3
1240 5 32
1241 5 1
1242 5 4
1243 5 13
1244 5 9
1245 5 50
1246 61 17
1247 5 6
1248 5 8
1249 9 13
1250 6 4
1251 5 2
1252 6 33
1253 25 9
1254 7 18
1255 60 4
1256 7 46
1257 7 4
1258 56 37
1259 7 19
1260 5 51
1261 60 5
1262 6 11
1263 6 14
1264 6 36
1265 6 30
1266 5 28
1267 5 5
1268 11 10
1269 60 6
1270 6 56
1271 5 10
1272 44 0
1273 56 38
1274 14 13
1275 60 7
1276 60 8
1277 6 37
1278 6 13
1279 60 9
1280 6 7
1281 12 55
1282 25 8
1283 10 32
1284 60 53
1285 60 10
1286 6 8
1287 60 11
1288 6 34
1289 6 12
1290 60 12
1291 7 60
1292 57 39
1293 60 13
1294 45 0
1295 60 14
1296 7 11
1297 7 9
1298 61 1
1299 15 16
1300 47 23
1301 7 13
1302 61 2
1303 61 3
1304 6 55
1305 61 4
1306 11 25
1307 23 14
1308 61 5
1309 22 14
1310 46 0
1311 12 44
1312 61 18
1313 61 6
1314 61 7
1315 23 13
1316 61 8
1317 7 59
1318 23 12
1319 61 9
1320 4 22
1321 7 43
1322 57 40
1323 13 1
1324 57 41
1325 61 10
1326 12 11
1327 23 29
1328 61 11
1329 61 12
1330 6 53
1331 47 0
1332 23 28
1333 61 13
1334 19 10
1335 7 12
1336 7 7
1337 61 19
1338 7 58
1339 57 42
1340 48 16
1341 6 38
1342 57 43
1343 61 14
1344 62 1
1345 9 9
1346 61 20
1347 2 2
1348 57 44
1349 10 14
1350 20 10
1351 62 2
1352 60 54
1353 18 57
1354 62 3
1355 62 4
1356 14 1
1357 60 55
1358 48 0
1359 62 5
1360 23 11
1361 62 6
1362 62 7
1363 15 9
1364 62 8
1365 62 9
1366 15 1
1367 18 56
1368 61 21
1369 16 33
1370 62 10
1371 57 45
1372 62 11
1373 49 0
1374 59 31
1375 62 12
1376 15 10
1377 62 13
1378 61 22
1379 62 14
1380 15 6
1381 63 1
1382 63 2
1383 8 28
1384 60 56
1385 63 3
1386 50 0
1387 60 32
1388 61 30
1389 63 4
1390 63 5
1391 23 10
1392 63 6
1393 60 57
1394 63 7
1395 63 8
1396 63 9
1397 19 22
1398 63 10
1399 51 0
1400 63 11
1401 63 12
1402 61 33
1403 63 13
1404 62 23
1405 63 14
1406 23 9
1407 61 46
1408 64 1
1409 64 2
1410 52 0
1411 64 3
1412 64 4
1413 64 5
1414 17 44
1415 64 6
1416 13 61
1417 21 14
1418 64 7
1419 61 34
1420 61 35
1421 21 13
1422 64 8
1423 64 9
1424 53 0
1425 62 24
1426 64 10
1427 6 54
1428 64 11
1429 64 12
1430 6 57
1431 64 13
1432 64 14
1433 65 1
1434 54 0
1435 61 36
1436 61 58
1437 61 37
1438 65 2
1439 10 8
1440 65 3
1441 65 4
1442 61 59
1443 65 5
1444 62 25
1445 61 60
1446 65 6
1447 65 7
1448 65 8
1449 55 0
1450 61 61
1451 2 3
1452 65 9
1453 61 38
1454 62 39
1455 62 40
1456 65 10
1457 62 41
1458 62 42
1459 65 11
1460 62 43
1461 19 5
1462 62 26
1463 65 12
1464 65 13
1465 65 14
1466 62 27
1467 56 0
1468 66 1
1469 19 13
1470 62 28
1471 66 2
1472 62 47
1473 66 3
1474 66 4
1475 11 14
1476 63 48
1477 66 5
1478 66 6
1479 62 29
1480 63 16
1481 66 7
1482 57 0
1483 65 49
1484 66 8
1485 66 9
1486 66 10
1487 66 11
1488 64 15
1489 13 13
1490 66 12
1491 64 17
1492 66 13
1493 58 0
1494 66 14
1495 67 1
1496 67 2
1497 67 3
1498 62 44
1499 64 18
1500 67 4
1501 67 5
1502 65 50
1503 67 6
1504 64 19
1505 5 14
1506 59 0
1507 67 7
1508 64 20
1509 62 45
1510 67 8
1511 67 9
1512 64 31
1513 67 10
1514 1 1
1515 2 47
1516 2 4
1517 8 13
1518 8 3
1519 8 7
1520 8 23
1521 21 12
1522 8 10
1523 19 12
1524 8 27
1525 11 36
1526 9 2
1527 67 11
1528 11 23
1529 11 26
1530 67 12
1531 14 24
1532 60 0
1533 14 7
1534 14 14
1535 67 13
1536 19 11
1537 11 37
1538 67 14
1539 17 24
1540 21 11
1541 65 51
1542 9 4
1543 11 33
1544 65 32
1545 64 21
1546 64 22
1547 68 0
1548 19 8
1549 20 14
1550 11 35
1551 68 1
1552 68 2
1553 10 2
1554 20 5
1555 20 2
1556 21 30
1557 66 52
1558 68 3
1559 20 1
1560 11 1
1561 68 4
1562 11 0
1563 65 23
1564 61 0
1565 68 5
1566 21 10
1567 11 11
1568 14 29
1569 15 12
1570 65 24
1571 21 9
1572 14 27
1573 12 12
1574 12 52
1575 13 18
1576 12 14
1577 26 2
1578 66 53
1579 18 8
1580 68 6
1581 18 5
1582 68 7
1583 68 8
1584 68 9
1585 19 19
1586 66 30
1587 68 10
1588 22 18
1589 62 0
1590 65 25
1591 21 3
1592 21 7
1593 68 11
1594 68 12
1595 12 39
1596 65 26
1597 68 13
1598 65 27
1599 68 14
1600 69 0
1601 22 17
1602 21 16
1603 65 28
1604 25 7
1605 66 54
1606 65 29
1607 25 4
1608 69 1
1609 69 2
1610 66 16
1611 67 15
1612 66 33
1613 23 8
1614 22 2
1615 22 9
1616 23 27
1617 63 0
1618 69 3
1619 17 28
1620 67 17
1621 18 53
1622 17 6
1623 69 4
1624 67 18
1625 67 19
1626 17 27
1627 17 26
1628 69 5
1629 23 26
1630 11 29
1631 69 6
1632 69 7
1633 66 55
1634 67 20
1635 26 8
1636 67 21
1637 66 34
1638 69 8
1639 18 12
1640 18 11
1641 64 0
1642 67 22
1643 16 17
1644 69 9
1645 21 8
1646 69 10
1647 16 10
1648 16 7
1649 69 11
1650 27 5
1651 69 12
1652 66 35
1653 69 13
1654 20 29
1655 66 36
1656 68 23
1657 69 14
1658 27 4
1659 70 0
1660 65 0
1661 70 1
1662 26 33
1663 70 2
1664 66 37
1665 66 56
1666 23 6
1667 70 3
1668 70 4
1669 66 57
1670 68 24
1671 70 5
1672 70 6
1673 24 5
1674 66 0
1675 70 7
1676 70 8
1677 67 46
1678 19 3
1679 70 9
1680 70 10
1681 70 11
1682 68 25
1683 16 21
1684 70 12
1685 66 38
1686 70 13
1687 70 14
1688 71 0
1689 71 1
1690 68 26
1691 24 7
1692 68 27
1693 71 2
1694 71 3
1695 71 4
1696 71 5
1697 16 9
1698 71 6
1699 71 7
1700 68 28
1701 71 8
1702 67 39
1703 71 9
1704 68 29
1705 69 16
1706 71 10
1707 70 15
1708 12 53
1709 71 11
1710 71 12
1711 70 17
1712 71 13
1713 70 18
1714 70 19
1715 67 58
1716 71 14
1717 22 22
1718 70 20
1719 72 0
1720 27 3
1721 70 21
1722 72 1
1723 19 21
1724 72 2
1725 18 6
1726 70 22
1727 72 3
1728 72 4
1729 71 23
1730 71 24
1731 10 17
1732 72 5
1733 72 6
1734 67 40
1735 72 7
1736 72 8
1737 71 25
1738 67 41
1739 72 9
1740 72 10
1741 67 59
1742 72 11
1743 71 26
1744 71 27
1745 72 12
1746 72 13
1747 72 14
1748 73 0
1749 73 1
1750 71 28
1751 71 29
1752 72 16
1753 67 42
1754 73 15
1755 27 2
1756 73 2
1757 73 17
1758 73 3
1759 73 4
1760 73 18
1761 67 60
1762 73 5
1763 67 61
1764 73 6
1765 68 47
1766 73 7
1767 73 19
1768 73 8
1769 67 43
1770 73 9
1771 73 20
1772 73 21
1773 17 9
1774 67 44
1775 73 10
1776 73 11
1777 67 45
1778 73 12
1779 73 13
1780 73 22
1781 69 31
1782 74 23
1783 73 14
1784 74 0
1785 74 1
1786 74 2
1787 74 3
1788 70 32
1789 74 4
1790 74 5
1791 74 6
1792 71 30
1793 74 7
1794 74 8
1795 74 9
1796 24 57
1797 74 10
1798 74 11
1799 19 61
1800 74 12
1801 37 2
1802 36 3
1803 71 33
1804 35 2
1805 34 18
1806 30 3
1807 29 3
1808 31 35
1809 28 9
1810 28 21
1811 26 35
