// The next line is the dfg name
random3_4type_invdelay
// The next lines are FU parameters given as:
// <FU type>  <resource constraint>  <# of FUs used>  <FU delay>
ADD 6 6 1
MUL 6 6 3
DIV 6 6 5
SQRT 6 6 6
actual latency 85
0 1 18
1 8 6
2 11 6
3 14 6
4 14 0
5 14 1
6 17 6
7 17 7
8 20 0
9 20 2
10 21 15
11 21 20
12 21 1
13 24 13
14 22 0
15 26 1
16 61 0
17 26 7
18 30 23
19 34 1
20 26 4
21 26 19
22 26 0
23 29 0
24 29 2
25 27 3
26 27 1
27 27 12
28 31 18
29 28 0
30 34 2
31 30 0
32 31 2
33 31 3
34 31 15
35 32 7
36 29 11
37 29 1
38 29 4
39 32 1
40 32 3
41 32 0
42 32 6
43 32 2
44 27 2
45 12 5
46 29 7
47 35 0
48 33 20
49 33 3
50 33 4
51 32 12
52 34 3
53 35 14
54 31 0
55 31 4
56 47 6
57 35 7
58 33 1
59 33 5
60 34 13
61 35 21
62 35 9
63 33 2
64 35 8
65 33 0
66 36 15
67 36 1
68 36 2
69 38 8
70 36 23
71 38 10
72 36 0
73 36 3
74 40 14
75 39 1
76 39 2
77 38 0
78 39 3
79 21 2
80 28 2
81 42 0
82 44 11
83 42 12
84 42 1
85 44 13
86 35 6
87 34 4
88 34 5
89 41 9
90 22 3
91 22 4
92 37 1
93 42 3
94 38 19
95 39 4
96 32 10
97 37 3
98 37 2
99 37 4
100 37 5
101 37 12
102 38 6
103 38 5
104 37 0
105 39 5
106 40 1
107 38 11
108 40 2
109 40 3
110 38 1
111 40 4
112 40 5
113 21 3
114 43 18
115 43 1
116 44 6
117 45 14
118 44 19
119 43 0
120 46 15
121 44 8
122 41 21
123 38 7
124 42 4
125 41 10
126 42 5
127 43 2
128 43 3
129 41 11
130 41 7
131 41 15
132 41 8
133 41 1
134 41 2
135 41 3
136 41 4
137 41 5
138 41 0
139 44 7
140 44 1
141 47 1
142 47 2
143 47 3
144 47 4
145 46 1
146 44 2
147 44 3
148 44 4
149 44 5
150 46 16
151 45 1
152 45 2
153 45 3
154 46 17
155 47 12
156 36 16
157 39 13
158 41 6
159 45 4
160 45 5
161 38 2
162 38 9
163 38 3
164 38 4
165 32 19
166 31 16
167 28 4
168 31 17
169 28 5
170 31 5
171 37 18
172 46 2
173 32 8
174 44 9
175 42 2
176 35 2
177 35 11
178 35 22
179 47 7
180 35 3
181 35 4
182 47 8
183 39 20
184 35 5
185 46 3
186 45 20
187 47 9
188 47 10
189 47 21
190 46 4
191 46 5
192 47 11
193 50 6
194 32 4
195 32 5
196 32 11
197 44 10
198 1 6
199 4 1
200 4 0
201 4 13
202 4 4
203 13 1
204 4 3
205 4 2
206 4 5
207 25 3
208 5 14
209 5 2
210 6 4
211 5 0
212 5 5
213 5 8
214 5 4
215 6 3
216 5 10
217 5 11
218 5 7
219 47 5
220 5 22
221 5 1
222 17 12
223 19 13
224 8 10
225 8 4
226 7 1
227 8 2
228 13 5
229 8 8
230 48 1
231 9 3
232 10 14
233 12 23
234 5 3
235 13 18
236 48 2
237 25 5
238 10 5
239 48 3
240 11 4
241 7 4
242 6 5
243 6 15
244 48 4
245 6 16
246 48 5
247 6 17
248 50 7
249 6 0
250 49 1
251 6 1
252 7 18
253 8 19
254 11 15
255 20 14
256 9 20
257 49 2
258 49 3
259 6 23
260 18 23
261 49 4
262 49 5
263 19 18
264 6 2
265 20 19
266 50 8
267 50 1
268 50 2
269 50 9
270 7 5
271 50 3
272 50 4
273 7 0
274 8 1
275 11 22
276 8 9
277 12 1
278 12 3
279 50 5
280 51 1
281 25 14
282 7 3
283 7 2
284 50 10
285 51 2
286 23 21
287 25 2
288 11 21
289 26 15
290 12 4
291 51 3
292 51 4
293 51 5
294 52 1
295 52 2
296 50 11
297 52 3
298 5 21
299 52 4
300 14 9
301 23 22
302 53 6
303 8 11
304 8 3
305 9 2
306 53 7
307 26 16
308 52 5
309 24 23
310 53 1
311 25 18
312 53 2
313 26 17
314 53 3
315 53 4
316 53 5
317 54 1
318 54 2
319 54 3
320 53 8
321 54 4
322 36 17
323 54 5
324 11 1
325 55 1
326 49 13
327 55 2
328 50 14
329 55 3
330 55 4
331 55 5
332 18 3
333 16 4
334 53 9
335 41 22
336 53 10
337 51 15
338 56 1
339 51 16
340 42 23
341 14 19
342 56 2
343 56 3
344 53 11
345 51 17
346 56 6
347 56 4
348 56 5
349 52 12
350 57 1
351 57 2
352 15 14
353 57 3
354 57 4
355 57 5
356 47 22
357 58 1
358 56 7
359 58 2
360 56 8
361 58 3
362 58 4
363 54 13
364 12 0
365 58 5
366 56 9
367 59 1
368 56 10
369 55 14
370 48 23
371 56 11
372 59 6
373 49 18
374 56 15
375 12 12
376 56 16
377 59 2
378 59 3
379 59 4
380 16 16
381 59 5
382 56 17
383 57 12
384 60 1
385 59 7
386 59 8
387 50 19
388 59 9
389 59 10
390 59 11
391 60 2
392 60 3
393 60 4
394 20 3
395 60 5
396 61 1
397 59 13
398 62 6
399 62 7
400 61 2
401 60 14
402 62 8
403 61 3
404 1 1
405 2 0
406 2 12
407 2 19
408 2 8
409 5 9
410 51 20
411 7 12
412 3 20
413 11 9
414 9 5
415 13 4
416 61 4
417 9 13
418 61 5
419 9 1
420 9 4
421 62 9
422 14 3
423 16 2
424 14 5
425 62 10
426 15 4
427 62 0
428 14 4
429 61 15
430 53 21
431 62 1
432 15 1
433 62 2
434 62 3
435 16 3
436 29 10
437 3 0
438 14 2
439 16 0
440 62 4
441 15 3
442 16 5
443 29 6
444 62 5
445 53 22
446 62 11
447 17 1
448 61 16
449 18 0
450 18 4
451 63 0
452 63 1
453 65 6
454 63 2
455 63 3
456 21 16
457 63 4
458 63 5
459 20 6
460 20 9
461 19 3
462 65 7
463 64 0
464 64 1
465 15 0
466 15 2
467 64 2
468 64 3
469 64 4
470 64 5
471 65 8
472 10 4
473 65 0
474 10 2
475 25 4
476 30 3
477 30 2
478 16 1
479 54 23
480 23 6
481 55 18
482 23 7
483 65 9
484 65 1
485 23 8
486 23 4
487 65 2
488 29 21
489 65 3
490 56 19
491 26 3
492 61 17
493 65 10
494 57 20
495 18 1
496 65 4
497 65 11
498 68 6
499 65 5
500 62 12
501 13 3
502 66 0
503 66 1
504 68 7
505 17 21
506 44 0
507 59 21
508 68 8
509 39 0
510 66 2
511 68 9
512 66 3
513 64 13
514 34 0
515 40 0
516 59 22
517 65 14
518 23 2
519 45 0
520 66 15
521 66 4
522 68 10
523 23 0
524 66 5
525 17 4
526 66 16
527 17 8
528 66 17
529 46 0
530 24 0
531 47 0
532 67 12
533 67 0
534 26 6
535 68 11
536 26 8
537 69 13
538 71 6
539 24 2
540 71 7
541 67 1
542 60 23
543 48 0
544 67 2
545 67 3
546 71 8
547 49 0
548 67 4
549 67 5
550 50 0
551 71 9
552 61 18
553 68 0
554 71 10
555 68 1
556 51 0
557 17 3
558 68 2
559 71 11
560 68 3
561 26 11
562 26 10
563 70 14
564 26 9
565 26 2
566 52 0
567 68 4
568 68 5
569 53 0
570 69 0
571 71 15
572 62 19
573 69 1
574 54 0
575 69 2
576 41 17
577 69 3
578 63 20
579 65 21
580 55 0
581 71 16
582 71 17
583 69 4
584 69 5
585 74 6
586 56 0
587 74 7
588 72 12
589 70 0
590 70 1
591 57 0
592 74 8
593 70 2
594 70 3
595 58 0
596 74 9
597 70 4
598 65 22
599 70 5
600 59 0
601 71 0
602 71 1
603 74 13
604 1 0
605 2 7
606 5 6
607 8 5
608 8 0
609 11 17
610 25 0
611 60 0
612 9 0
613 11 8
614 25 1
615 11 7
616 71 2
617 10 1
618 10 3
619 14 11
620 10 0
621 17 5
622 14 7
623 11 11
624 71 3
625 17 2
626 17 10
627 17 0
628 71 4
629 71 5
630 72 0
631 72 1
632 17 9
633 8 7
634 74 10
635 16 17
636 72 2
637 14 10
638 14 13
639 30 1
640 20 7
641 19 5
642 19 0
643 19 2
644 19 1
645 20 8
646 19 4
647 20 1
648 72 3
649 72 4
650 72 5
651 20 11
652 20 5
653 11 3
654 11 16
655 75 14
656 11 0
657 66 23
658 11 5
659 30 4
660 11 10
661 74 11
662 73 0
663 21 0
664 76 15
665 73 1
666 22 2
667 22 1
668 73 2
669 73 3
670 77 6
671 73 4
672 22 5
673 23 9
674 22 12
675 77 7
676 73 5
677 14 8
678 29 9
679 77 8
680 77 9
681 15 5
682 74 0
683 74 1
684 29 8
685 11 2
686 27 4
687 74 2
688 74 3
689 27 0
690 27 20
691 27 5
692 67 18
693 23 3
694 43 5
695 74 4
696 77 10
697 74 5
698 75 0
699 75 1
700 20 4
701 75 2
702 75 3
703 68 19
704 75 4
705 69 20
706 16 15
707 21 5
708 71 21
709 26 5
710 75 5
711 76 0
712 18 2
713 71 22
714 76 1
715 77 11
716 76 16
717 76 2
718 21 4
719 76 17
720 77 12
721 76 3
722 76 4
723 76 5
724 80 6
725 77 0
726 24 1
727 77 1
728 79 13
729 77 2
730 77 3
731 80 14
732 80 7
733 77 4
734 21 17
735 18 5
736 77 5
737 78 0
738 78 1
739 72 23
740 78 2
741 29 13
742 28 3
743 32 9
744 28 1
745 29 22
746 41 16
747 31 1
748 30 14
749 30 5
750 29 5
751 29 3
752 36 5
753 36 4
754 35 10
755 73 18
756 78 3
757 74 19
758 78 4
759 75 20
760 13 2
761 78 5
762 15 20
763 79 0
764 12 2
765 79 1
766 17 11
767 79 2
768 23 5
769 23 1
770 23 11
771 79 3
772 79 4
773 23 10
774 79 5
775 81 15
776 80 0
777 81 16
778 77 21
779 43 4
780 77 22
781 80 1
782 80 2
783 24 3
784 80 3
785 24 5
786 24 4
787 13 0
788 80 4
789 80 5
790 35 1
791 81 0
792 78 23
793 81 1
794 81 2
795 81 3
796 80 8
797 80 9
798 81 4
799 20 10
800 80 10
801 81 5
802 79 18
803 82 0
804 82 1
805 17 22
