// The next line is the dfg name
random3_4type_uniform
// The next lines are FU parameters given as:
// <FU type>  <resource constraint>  <# of FUs used>  <FU delay>
ADD 1 1 1
MUL 1 1 3
DIV 1 1 5
SQRT 1 1 6
actual latency 1212
0 1 3
1 11 2
2 16 2
3 21 2
4 21 1
5 21 0
6 26 2
7 36 2
8 33 1
9 31 0
10 37 3
11 217 3
12 36 0
13 127 3
14 38 0
15 45 1
16 192 1
17 266 2
18 445 3
19 391 2
20 43 0
21 61 3
22 46 2
23 135 1
24 273 1
25 336 2
26 48 0
27 55 3
28 451 3
29 76 2
30 396 2
31 276 0
32 195 1
33 198 1
34 457 3
35 331 3
36 401 2
37 117 1
38 81 0
39 62 0
40 201 1
41 81 2
42 61 2
43 101 2
44 54 1
45 24 1
46 281 2
47 96 2
48 91 3
49 204 1
50 87 0
51 463 3
52 406 2
53 469 3
54 279 1
55 207 1
56 411 2
57 226 2
58 108 1
59 416 2
60 181 3
61 121 3
62 251 2
63 216 2
64 133 3
65 69 1
66 475 3
67 102 0
68 107 0
69 326 2
70 109 3
71 421 2
72 101 0
73 108 0
74 481 3
75 210 1
76 264 1
77 258 1
78 426 2
79 32 0
80 342 1
81 115 0
82 487 3
83 205 3
84 296 2
85 493 3
86 131 2
87 72 0
88 431 2
89 301 2
90 144 1
91 34 0
92 104 0
93 333 1
94 499 3
95 337 0
96 436 2
97 109 0
98 106 0
99 110 0
100 111 0
101 271 3
102 246 2
103 213 1
104 111 1
105 112 0
106 216 1
107 441 2
108 219 1
109 139 0
110 105 0
111 113 0
112 222 1
113 446 2
114 505 3
115 118 0
116 351 2
117 511 3
118 517 3
119 117 0
120 523 3
121 451 2
122 529 3
123 156 2
124 136 0
125 456 2
126 461 2
127 261 0
128 262 0
129 466 2
130 316 2
131 295 3
132 331 2
133 225 1
134 161 0
135 228 1
136 231 1
137 162 0
138 183 1
139 282 1
140 23 0
141 234 1
142 471 2
143 476 2
144 237 1
145 301 0
146 321 0
147 322 0
148 321 1
149 324 1
150 327 1
151 323 0
152 324 0
153 325 0
154 330 1
155 336 1
156 535 3
157 289 3
158 157 3
159 297 1
160 481 2
161 486 2
162 541 3
163 114 0
164 119 0
165 547 3
166 553 3
167 57 0
168 559 3
169 58 0
170 59 0
171 565 3
172 240 1
173 571 3
174 339 1
175 186 0
176 120 0
177 577 3
178 583 3
179 491 2
180 243 1
181 246 1
182 496 2
183 589 3
184 501 2
185 163 0
186 595 3
187 506 2
188 601 3
189 607 3
190 511 2
191 164 0
192 516 2
193 357 1
194 285 1
195 288 1
196 613 3
197 521 2
198 1 2
199 91 2
200 6 1
201 301 3
202 141 1
203 30 1
204 6 0
205 111 2
206 7 0
207 33 0
208 115 3
209 9 0
210 121 2
211 86 2
212 9 1
213 85 3
214 18 1
215 22 0
216 211 2
217 526 2
218 141 2
219 531 2
220 619 3
221 116 0
222 625 3
223 631 3
224 536 2
225 120 1
226 126 1
227 129 1
228 356 2
229 166 2
230 129 0
231 256 2
232 211 3
233 223 3
234 96 1
235 265 3
236 10 0
237 217 0
238 261 1
239 172 0
240 171 0
241 91 0
242 92 0
243 163 3
244 93 0
245 637 3
246 249 1
247 643 3
248 541 2
249 93 1
250 229 0
251 12 1
252 145 3
253 103 3
254 259 3
255 649 3
256 151 3
257 270 1
258 546 2
259 139 3
260 655 3
261 125 0
262 307 0
263 661 3
264 99 0
265 667 3
266 673 3
267 126 0
268 8 0
269 551 2
270 99 1
271 252 1
272 94 0
273 100 0
274 102 1
275 253 3
276 191 2
277 145 0
278 146 0
279 147 0
280 148 0
281 679 3
282 15 0
283 27 1
284 556 2
285 255 1
286 685 3
287 16 0
288 169 3
289 691 3
290 174 1
291 561 2
292 173 0
293 566 2
294 276 1
295 571 2
296 576 2
297 291 1
298 97 3
299 127 0
300 221 2
301 697 3
302 581 2
303 586 2
304 30 0
305 176 2
306 591 2
307 703 3
308 294 1
309 709 3
310 300 1
311 715 3
312 303 1
313 721 3
314 175 0
315 176 0
316 596 2
317 128 0
318 601 2
319 606 2
320 611 2
321 616 2
322 727 3
323 306 1
324 103 0
325 181 0
326 733 3
327 182 0
328 739 3
329 183 0
330 184 0
331 218 0
332 162 1
333 157 0
334 621 2
335 745 3
336 626 2
337 751 3
338 309 1
339 757 3
340 763 3
341 313 3
342 151 0
343 312 1
344 631 2
345 769 3
346 636 2
347 641 2
348 130 0
349 775 3
350 315 1
351 345 1
352 229 3
353 348 1
354 363 1
355 17 0
356 781 3
357 196 0
358 787 3
359 351 1
360 646 2
361 131 0
362 354 1
363 793 3
364 231 2
365 360 1
366 799 3
367 366 1
368 651 2
369 805 3
370 811 3
371 656 2
372 817 3
373 823 3
374 439 3
375 283 3
376 427 3
377 369 1
378 149 0
379 150 0
380 337 3
381 661 2
382 415 3
383 403 3
384 372 1
385 666 2
386 671 2
387 391 3
388 379 3
389 676 2
390 681 2
391 375 1
392 378 1
393 264 0
394 319 0
395 343 0
396 381 1
397 367 3
398 686 2
399 691 2
400 384 1
401 355 3
402 343 3
403 169 0
404 1 0
405 2 0
406 13 3
407 7 3
408 19 3
409 193 3
410 349 3
411 25 3
412 43 3
413 116 2
414 271 2
415 165 1
416 387 1
417 31 3
418 390 1
419 15 1
420 13 0
421 696 2
422 37 0
423 123 0
424 121 0
425 701 2
426 132 1
427 706 2
428 123 1
429 361 3
430 373 3
431 711 2
432 66 2
433 393 1
434 396 1
435 40 0
436 346 2
437 3 0
438 39 1
439 72 1
440 399 1
441 122 0
442 124 0
443 371 2
444 716 2
445 385 3
446 721 2
447 75 0
448 397 3
449 78 1
450 147 1
451 80 0
452 82 0
453 726 2
454 402 1
455 405 1
456 409 3
457 408 1
458 44 0
459 126 2
460 277 3
461 411 1
462 731 2
463 414 1
464 417 1
465 42 0
466 151 2
467 736 2
468 420 1
469 423 1
470 45 0
471 741 2
472 18 0
473 20 0
474 19 0
475 361 2
476 341 2
477 189 1
478 156 1
479 421 3
480 146 2
481 433 3
482 161 2
483 746 2
484 132 0
485 236 2
486 276 2
487 426 1
488 307 3
489 166 0
490 829 3
491 168 1
492 835 3
493 751 2
494 841 3
495 138 1
496 429 1
497 756 2
498 761 2
499 432 1
500 847 3
501 171 1
502 24 0
503 766 2
504 853 3
505 79 3
506 47 0
507 859 3
508 771 2
509 776 2
510 435 1
511 781 2
512 438 1
513 865 3
514 192 0
515 366 0
516 871 3
517 877 3
518 85 0
519 441 1
520 883 3
521 444 1
522 786 2
523 105 1
524 88 0
525 201 2
526 889 3
527 187 3
528 895 3
529 447 1
530 86 0
531 89 0
532 901 3
533 90 0
534 241 2
535 791 2
536 381 2
537 907 3
538 913 3
539 177 1
540 796 2
541 133 0
542 919 3
543 450 1
544 453 1
545 456 1
546 925 3
547 313 0
548 459 1
549 135 0
550 137 0
551 931 3
552 937 3
553 462 1
554 801 2
555 465 1
556 468 1
557 159 1
558 376 0
559 806 2
560 152 0
561 943 3
562 811 2
563 949 3
564 816 2
565 153 1
566 153 0
567 180 0
568 156 0
569 158 0
570 159 0
571 955 3
572 961 3
573 471 1
574 821 2
575 386 0
576 967 3
577 826 2
578 973 3
579 979 3
580 474 1
581 985 3
582 991 3
583 831 2
584 477 1
585 836 2
586 95 0
587 841 2
588 997 3
589 96 0
590 480 1
591 483 1
592 1003 3
593 486 1
594 489 1
595 492 1
596 1009 3
597 846 2
598 1015 3
599 141 0
600 142 0
601 495 1
602 498 1
603 1021 3
604 1 1
605 6 2
606 31 2
607 42 1
608 36 1
609 199 3
610 150 1
611 49 0
612 39 0
613 51 2
614 321 2
615 41 2
616 501 1
617 51 1
618 41 0
619 261 2
620 48 1
621 267 1
622 56 2
623 206 2
624 51 0
625 66 1
626 286 2
627 61 0
628 504 1
629 851 2
630 856 2
631 63 0
632 291 2
633 71 2
634 861 2
635 1027 3
636 507 1
637 181 2
638 49 3
639 46 0
640 171 2
641 510 1
642 57 1
643 55 0
644 114 1
645 73 3
646 56 0
647 60 1
648 60 0
649 513 1
650 516 1
651 1033 3
652 519 1
653 81 1
654 235 3
655 1039 3
656 76 0
657 1045 3
658 77 0
659 78 0
660 106 2
661 866 2
662 522 1
663 63 1
664 1051 3
665 154 0
666 67 0
667 66 0
668 70 0
669 71 0
670 871 2
671 525 1
672 876 2
673 311 2
674 67 3
675 881 2
676 886 2
677 186 2
678 386 2
679 891 2
680 896 2
681 136 2
682 391 0
683 901 2
684 376 2
685 54 0
686 180 1
687 528 1
688 73 0
689 75 1
690 241 3
691 531 1
692 1057 3
693 84 1
694 906 2
695 381 0
696 911 2
697 534 1
698 83 0
699 84 0
700 64 0
701 537 1
702 540 1
703 1063 3
704 543 1
705 1069 3
706 247 3
707 65 0
708 1075 3
709 318 1
710 916 2
711 74 0
712 69 0
713 1081 3
714 97 0
715 921 2
716 1087 3
717 98 0
718 926 2
719 1093 3
720 1099 3
721 546 1
722 134 0
723 138 0
724 931 2
725 140 0
726 196 2
727 549 1
728 1105 3
729 552 1
730 555 1
731 1111 3
732 1117 3
733 187 0
734 1123 3
735 186 1
736 188 0
737 558 1
738 561 1
739 1129 3
740 189 0
741 175 3
742 564 1
743 936 2
744 90 1
745 1135 3
746 1141 3
747 143 0
748 325 3
749 567 1
750 144 0
751 570 1
752 573 1
753 576 1
754 366 2
755 1147 3
756 155 0
757 1153 3
758 579 1
759 1159 3
760 79 0
761 941 2
762 319 3
763 160 0
764 87 1
765 946 2
766 951 2
767 582 1
768 956 2
769 68 0
770 1165 3
771 961 2
772 165 0
773 966 2
774 585 1
775 1171 3
776 167 0
777 1177 3
778 1183 3
779 371 0
780 1189 3
781 168 0
782 170 0
783 588 1
784 591 1
785 971 2
786 594 1
787 306 2
788 597 1
789 976 2
790 331 0
791 981 2
792 1195 3
793 177 0
794 986 2
795 178 0
796 991 2
797 996 2
798 326 0
799 1001 2
800 1006 2
801 600 1
802 1201 3
803 603 1
804 191 0
805 1207 3
