// The next line is the dfg name
random1_4type_invdelay
// The next lines are FU parameters given as:
// <FU type>  <resource constraint>  <# of FUs used>  <FU delay>
ADD 3 3 1
MUL 3 3 3
DIV 3 3 5
SQRT 3 3 6
actual latency 125
0 1 1
1 2 0
2 3 0
3 4 0
4 4 1
5 4 2
6 5 10
7 15 2
8 5 0
9 6 4
10 12 2
11 9 0
12 11 8
13 11 7
14 78 0
15 16 1
16 48 1
17 32 2
18 5 2
19 5 1
20 8 2
21 5 6
22 48 2
23 16 3
24 37 0
25 16 2
26 51 5
27 41 2
28 34 1
29 6 5
30 6 0
31 6 7
32 8 9
33 6 2
34 6 8
35 6 1
36 35 10
37 49 1
38 17 2
39 17 1
40 7 2
41 18 11
42 49 2
43 23 1
44 43 2
45 36 11
46 30 11
47 50 1
48 41 8
49 50 2
50 51 1
51 51 2
52 45 2
53 53 1
54 18 4
55 25 2
56 18 5
57 17 10
58 54 4
59 51 4
60 21 0
61 53 2
62 31 3
63 19 1
64 20 2
65 38 9
66 54 1
67 16 7
68 11 10
69 41 10
70 46 1
71 10 0
72 54 2
73 10 2
74 55 1
75 55 2
76 56 1
77 42 11
78 42 5
79 56 2
80 23 10
81 54 5
82 57 1
83 25 6
84 30 0
85 57 2
86 58 1
87 20 9
88 55 3
89 58 2
90 21 1
91 46 7
92 59 1
93 57 4
94 59 2
95 60 1
96 26 1
97 37 3
98 31 0
99 21 8
100 57 5
101 60 2
102 37 1
103 58 3
104 61 1
105 61 2
106 11 0
107 46 8
108 62 1
109 62 2
110 60 4
111 60 5
112 63 1
113 46 0
114 35 1
115 36 1
116 40 6
117 63 2
118 61 3
119 63 4
120 63 5
121 22 1
122 41 7
123 18 2
124 64 3
125 44 9
126 50 6
127 64 1
128 26 0
129 27 5
130 51 7
131 66 4
132 66 5
133 22 2
134 35 0
135 64 2
136 67 3
137 65 1
138 65 2
139 47 10
140 66 1
141 66 2
142 69 4
143 24 2
144 67 1
145 48 11
146 67 2
147 69 5
148 11 1
149 24 11
150 68 1
151 50 9
152 51 8
153 55 6
154 38 1
155 53 10
156 70 3
157 72 4
158 68 2
159 69 1
160 69 2
161 56 7
162 54 11
163 70 1
164 70 2
165 71 1
166 7 3
167 12 5
168 71 2
169 72 1
170 30 6
171 72 5
172 56 9
173 45 1
174 72 2
175 73 1
176 73 2
177 74 1
178 74 2
179 75 1
180 75 2
181 76 1
182 56 8
183 76 2
184 60 6
185 77 1
186 59 10
187 73 3
188 77 2
189 75 4
190 60 11
191 78 1
192 78 2
193 79 0
194 75 5
195 79 1
196 45 6
197 79 2
198 80 0
199 80 1
200 80 2
201 81 0
202 1 3
203 4 3
204 7 0
205 7 1
206 9 4
207 12 11
208 12 0
209 61 7
210 33 4
211 18 0
212 19 2
213 18 1
214 81 1
215 20 1
216 28 3
217 61 8
218 81 2
219 35 2
220 36 5
221 19 0
222 82 0
223 24 0
224 21 2
225 8 0
226 82 1
227 52 3
228 82 2
229 83 0
230 24 5
231 62 9
232 23 0
233 16 8
234 83 1
235 11 2
236 10 3
237 13 3
238 9 2
239 12 4
240 9 1
241 9 5
242 13 2
243 83 2
244 12 1
245 65 10
246 84 0
247 66 11
248 31 2
249 40 1
250 84 1
251 42 2
252 84 2
253 20 0
254 43 1
255 85 0
256 65 6
257 68 9
258 85 1
259 15 6
260 85 2
261 76 3
262 15 1
263 86 0
264 78 4
265 78 5
266 13 1
267 86 1
268 86 2
269 79 3
270 36 7
271 87 0
272 81 4
273 25 3
274 66 7
275 21 7
276 66 8
277 81 5
278 10 1
279 27 4
280 87 1
281 13 0
282 87 2
283 15 5
284 14 9
285 88 0
286 14 0
287 88 1
288 88 2
289 14 2
290 46 2
291 46 3
292 38 0
293 71 10
294 49 3
295 28 2
296 89 0
297 89 1
298 89 2
299 82 3
300 90 0
301 14 1
302 90 1
303 90 2
304 72 11
305 8 1
306 34 0
307 91 0
308 74 9
309 39 4
310 70 6
311 84 4
312 33 5
313 91 1
314 77 10
315 43 0
316 41 0
317 91 2
318 92 0
319 23 2
320 34 2
321 92 1
322 78 11
323 24 1
324 92 2
325 93 0
326 39 1
327 93 1
328 71 7
329 93 2
330 71 8
331 80 9
332 94 0
333 47 0
334 94 1
335 84 5
336 94 2
337 54 0
338 75 6
339 76 7
340 83 10
341 84 11
342 55 0
343 53 0
344 52 0
345 85 3
346 48 0
347 49 0
348 30 4
349 50 0
350 45 0
351 51 0
352 76 8
353 87 4
354 86 9
355 89 10
356 95 0
357 87 5
358 56 0
359 57 0
360 90 11
361 92 9
362 95 1
363 80 6
364 58 0
365 59 0
366 95 2
367 60 0
368 61 0
369 96 0
370 62 0
371 63 0
372 96 1
373 88 3
374 64 0
375 65 0
376 81 7
377 90 4
378 96 2
379 66 0
380 67 0
381 95 10
382 97 0
383 68 0
384 90 5
385 69 0
386 91 3
387 97 1
388 93 4
389 70 0
390 81 8
391 85 6
392 93 5
393 34 3
394 71 0
395 97 2
396 72 0
397 94 3
398 86 7
399 96 11
400 73 0
401 1 0
402 2 9
403 2 1
404 10 6
405 15 0
406 98 9
407 98 0
408 26 2
409 21 4
410 16 0
411 74 0
412 17 0
413 43 3
414 31 8
415 20 6
416 21 5
417 35 6
418 19 3
419 96 4
420 36 0
421 96 5
422 48 5
423 25 0
424 3 4
425 75 0
426 22 3
427 30 5
428 44 0
429 22 0
430 86 8
431 98 1
432 24 4
433 36 2
434 27 0
435 42 1
436 76 0
437 77 0
438 31 7
439 97 3
440 27 1
441 41 1
442 27 2
443 15 4
444 6 11
445 26 7
446 48 4
447 98 2
448 101 10
449 99 0
450 99 4
451 99 1
452 99 2
453 100 0
454 37 2
455 100 1
456 100 2
457 25 1
458 90 6
459 26 9
460 101 0
461 99 5
462 102 11
463 45 4
464 31 1
465 28 0
466 101 1
467 101 2
468 28 1
469 32 9
470 29 2
471 100 3
472 104 9
473 102 4
474 102 5
475 103 3
476 29 1
477 107 10
478 29 0
479 102 0
480 105 4
481 102 1
482 32 1
483 105 5
484 40 2
485 36 8
486 108 11
487 110 9
488 38 2
489 32 0
490 106 3
491 91 7
492 39 2
493 91 8
494 102 2
495 113 10
496 29 10
497 103 0
498 33 0
499 103 1
500 39 5
501 95 6
502 96 7
503 42 0
504 30 2
505 33 1
506 36 4
507 103 2
508 104 0
509 42 4
510 104 1
511 104 2
512 96 8
513 45 5
514 105 0
515 105 1
516 105 2
517 30 1
518 108 4
519 106 0
520 108 5
521 106 1
522 106 2
523 107 0
524 107 1
525 114 11
526 107 2
527 108 0
528 108 1
529 108 2
530 39 0
531 33 2
532 109 3
533 116 9
534 109 0
535 109 1
536 111 4
537 109 2
538 110 0
539 110 1
540 40 0
541 100 6
542 40 3
543 44 1
544 52 1
545 101 7
546 47 2
547 110 2
548 111 0
549 101 8
550 44 2
551 105 6
552 111 1
553 26 8
554 106 7
555 111 2
556 112 0
557 112 1
558 112 2
559 106 8
560 113 0
561 110 6
562 47 1
563 111 5
564 111 7
565 113 1
566 113 2
567 52 2
568 114 0
569 114 1
570 114 2
571 115 0
572 111 8
573 112 3
574 115 6
575 115 1
576 114 4
577 116 7
578 116 8
579 115 2
580 116 0
581 114 5
582 116 1
583 116 2
584 119 10
585 117 0
586 117 1
587 117 2
588 118 0
589 118 1
590 118 2
591 120 6
592 115 3
593 117 4
594 119 0
595 119 1
596 119 2
597 117 5
598 118 3
599 120 4
600 121 7
