// The next line is the dfg name
random4_4type_invdelay
// The next lines are FU parameters given as:
// <FU type>  <resource constraint>  <# of FUs used>  <FU delay>
ADD 5 5 1
MUL 6 6 3
DIV 6 6 5
SQRT 6 6 6
actual latency 110
0 1 1
1 2 17
2 34 2
3 20 4
4 8 0
5 8 13
6 8 6
7 22 3
8 8 1
9 86 0
10 24 3
11 11 0
12 9 7
13 9 1
14 9 18
15 25 0
16 15 7
17 42 1
18 42 2
19 42 3
20 42 4
21 11 3
22 43 1
23 10 0
24 19 5
25 12 3
26 10 2
27 17 8
28 10 4
29 13 15
30 31 5
31 13 12
32 43 2
33 11 6
34 43 3
35 12 0
36 43 4
37 39 7
38 14 8
39 39 16
40 42 11
41 38 2
42 29 1
43 20 1
44 45 18
45 13 22
46 44 1
47 44 2
48 44 3
49 18 20
50 14 17
51 39 9
52 43 12
53 30 0
54 20 0
55 44 4
56 45 1
57 48 19
58 32 1
59 33 12
60 39 10
61 40 5
62 39 0
63 21 3
64 12 7
65 39 18
66 26 2
67 45 2
68 48 20
69 34 5
70 33 13
71 45 3
72 41 6
73 43 13
74 41 8
75 45 4
76 14 16
77 48 21
78 11 1
79 46 1
80 42 7
81 46 2
82 42 9
83 46 3
84 28 14
85 13 14
86 46 4
87 43 14
88 47 1
89 17 3
90 47 2
91 47 3
92 47 4
93 16 2
94 48 1
95 48 2
96 15 18
97 22 2
98 48 3
99 48 4
100 42 10
101 18 3
102 49 1
103 19 0
104 35 0
105 43 5
106 43 15
107 19 2
108 14 4
109 49 2
110 34 16
111 32 17
112 44 6
113 20 8
114 29 0
115 33 1
116 18 13
117 44 16
118 49 3
119 34 1
120 23 2
121 49 22
122 24 21
123 47 11
124 19 3
125 49 4
126 50 1
127 15 4
128 44 8
129 50 2
130 19 1
131 50 3
132 21 18
133 48 12
134 45 7
135 50 4
136 45 9
137 51 1
138 51 2
139 51 3
140 51 4
141 32 11
142 23 8
143 45 10
144 52 1
145 52 2
146 50 17
147 52 3
148 52 4
149 48 13
150 25 1
151 39 3
152 27 10
153 53 1
154 53 2
155 48 14
156 46 5
157 53 3
158 53 4
159 22 4
160 54 1
161 54 2
162 27 11
163 54 3
164 33 3
165 47 6
166 25 3
167 28 12
168 54 4
169 55 1
170 55 2
171 47 8
172 55 3
173 55 4
174 56 1
175 56 2
176 28 15
177 48 7
178 56 3
179 27 0
180 56 4
181 48 9
182 57 1
183 37 1
184 41 0
185 51 18
186 48 10
187 36 2
188 35 2
189 57 2
190 24 4
191 36 1
192 49 5
193 48 15
194 57 3
195 57 4
196 50 6
197 26 1
198 58 1
199 58 2
200 58 3
201 58 4
202 50 8
203 59 1
204 51 7
205 59 2
206 59 3
207 59 4
208 49 16
209 51 9
210 52 11
211 60 1
212 38 0
213 60 2
214 60 3
215 60 4
216 61 1
217 61 2
218 61 3
219 61 4
220 62 1
221 62 2
222 51 10
223 30 2
224 31 1
225 62 3
226 52 5
227 53 6
228 53 8
229 21 9
230 62 4
231 53 12
232 35 6
233 63 1
234 63 2
235 54 7
236 54 9
237 63 3
238 54 10
239 55 5
240 37 22
241 63 4
242 54 19
243 64 1
244 64 2
245 64 3
246 64 4
247 53 13
248 65 1
249 65 2
250 32 3
251 65 3
252 28 0
253 65 4
254 66 1
255 66 2
256 18 12
257 23 13
258 56 6
259 66 3
260 56 8
261 57 7
262 66 4
263 54 20
264 67 1
265 57 9
266 67 2
267 67 3
268 31 0
269 67 4
270 53 14
271 68 1
272 68 2
273 57 10
274 53 15
275 68 3
276 68 4
277 54 21
278 69 1
279 69 2
280 58 5
281 24 2
282 54 16
283 55 22
284 69 3
285 69 4
286 59 6
287 70 1
288 70 2
289 70 3
290 59 8
291 60 7
292 70 4
293 71 1
294 60 9
295 71 2
296 71 3
297 71 4
298 60 10
299 57 11
300 72 1
301 61 5
302 72 2
303 72 3
304 56 17
305 72 4
306 1 0
307 2 1
308 2 6
309 2 11
310 2 2
311 2 0
312 3 0
313 7 22
314 3 18
315 4 8
316 13 1
317 62 6
318 29 16
319 13 0
320 13 4
321 37 2
322 43 22
323 9 0
324 14 0
325 10 1
326 73 1
327 10 5
328 14 3
329 29 2
330 15 0
331 58 12
332 44 17
333 58 13
334 73 2
335 36 7
336 13 2
337 28 3
338 13 3
339 73 3
340 62 8
341 18 19
342 36 9
343 19 16
344 37 3
345 38 13
346 37 4
347 58 14
348 63 7
349 5 6
350 14 1
351 73 4
352 28 13
353 26 17
354 20 3
355 15 9
356 5 2
357 74 1
358 74 2
359 74 3
360 21 10
361 14 2
362 6 1
363 6 10
364 6 19
365 6 20
366 6 21
367 18 14
368 18 2
369 18 7
370 57 18
371 18 1
372 74 4
373 63 9
374 75 1
375 75 2
376 20 2
377 23 15
378 75 3
379 75 4
380 37 11
381 76 1
382 76 2
383 39 1
384 35 4
385 58 15
386 15 2
387 19 22
388 15 3
389 15 10
390 76 3
391 16 0
392 76 4
393 59 16
394 33 18
395 77 1
396 60 19
397 33 7
398 33 15
399 21 4
400 33 14
401 39 2
402 18 10
403 77 2
404 21 0
405 77 3
406 63 10
407 21 7
408 77 4
409 24 19
410 78 1
411 60 20
412 22 0
413 30 7
414 78 2
415 29 4
416 35 8
417 78 3
418 60 21
419 78 4
420 64 5
421 23 12
422 32 2
423 23 0
424 35 3
425 79 1
426 18 15
427 62 11
428 65 6
429 65 8
430 42 20
431 22 11
432 79 2
433 61 22
434 63 12
435 24 16
436 24 7
437 79 3
438 79 4
439 30 21
440 42 19
441 80 1
442 80 2
443 80 3
444 80 4
445 81 1
446 32 4
447 81 2
448 27 9
449 81 3
450 28 1
451 62 17
452 27 18
453 27 4
454 81 4
455 82 1
456 28 2
457 82 2
458 63 13
459 66 7
460 23 3
461 82 3
462 82 4
463 63 18
464 18 0
465 66 19
466 66 9
467 33 9
468 38 15
469 33 10
470 35 1
471 83 1
472 66 20
473 83 2
474 63 14
475 83 3
476 32 6
477 83 4
478 29 8
479 30 19
480 63 15
481 84 1
482 84 2
483 66 10
484 39 4
485 84 3
486 42 0
487 84 4
488 67 5
489 68 6
490 23 14
491 43 0
492 68 8
493 85 1
494 85 2
495 44 0
496 69 7
497 85 3
498 69 9
499 29 6
500 45 0
501 31 2
502 85 4
503 69 10
504 64 16
505 86 1
506 70 5
507 46 0
508 12 4
509 40 4
510 86 2
511 47 0
512 86 3
513 86 4
514 87 0
515 48 0
516 40 2
517 87 1
518 41 1
519 41 2
520 49 0
521 87 2
522 66 21
523 30 4
524 50 0
525 21 2
526 34 4
527 24 9
528 71 6
529 67 11
530 87 3
531 87 4
532 67 22
533 51 0
534 8 14
535 88 0
536 8 15
537 52 0
538 88 1
539 88 2
540 71 8
541 53 0
542 88 3
543 54 0
544 36 0
545 68 17
546 72 7
547 88 4
548 32 0
549 89 0
550 72 9
551 55 0
552 89 1
553 68 12
554 28 4
555 72 10
556 69 18
557 56 0
558 89 2
559 89 3
560 57 0
561 73 5
562 72 19
563 72 20
564 89 4
565 58 0
566 90 0
567 90 1
568 41 4
569 38 14
570 68 13
571 24 0
572 59 0
573 90 2
574 68 14
575 60 0
576 68 15
577 25 22
578 74 6
579 90 3
580 90 4
581 69 16
582 61 0
583 3 7
584 38 8
585 91 0
586 74 8
587 75 7
588 62 0
589 75 9
590 91 1
591 91 2
592 63 0
593 41 3
594 75 10
595 91 3
596 76 5
597 64 0
598 91 4
599 92 0
600 65 0
601 92 1
602 66 0
603 72 21
604 72 11
605 1 5
606 4 0
607 5 0
608 6 0
609 5 1
610 6 9
611 4 5
612 7 0
613 7 1
614 7 5
615 7 11
616 9 16
617 27 1
618 9 2
619 77 6
620 12 21
621 27 2
622 25 5
623 27 7
624 8 17
625 40 3
626 73 22
627 6 7
628 92 2
629 8 12
630 26 3
631 8 4
632 17 4
633 40 0
634 8 2
635 8 3
636 8 8
637 92 3
638 67 0
639 11 8
640 77 8
641 9 9
642 9 3
643 73 12
644 9 10
645 11 4
646 31 4
647 92 4
648 12 19
649 68 0
650 73 13
651 93 0
652 73 14
653 9 4
654 32 8
655 30 10
656 93 1
657 12 9
658 26 4
659 10 3
660 16 4
661 74 17
662 28 5
663 30 1
664 16 3
665 69 0
666 12 20
667 34 3
668 12 1
669 36 20
670 12 11
671 17 0
672 75 18
673 78 7
674 18 4
675 25 2
676 93 2
677 33 0
678 14 6
679 70 0
680 16 1
681 93 3
682 25 4
683 29 3
684 26 8
685 93 4
686 30 3
687 73 15
688 33 4
689 71 0
690 78 19
691 11 2
692 38 4
693 38 12
694 78 20
695 78 9
696 7 2
697 78 10
698 42 21
699 94 0
700 72 0
701 17 2
702 94 1
703 17 1
704 94 2
705 79 5
706 17 11
707 73 0
708 94 3
709 22 1
710 78 21
711 38 17
712 74 0
713 94 4
714 95 0
715 15 1
716 75 0
717 38 3
718 13 13
719 95 1
720 80 6
721 76 0
722 30 9
723 74 16
724 95 2
725 23 1
726 38 1
727 95 3
728 80 8
729 24 1
730 77 0
731 17 6
732 95 4
733 77 11
734 18 9
735 38 6
736 78 0
737 31 22
738 96 0
739 40 1
740 96 1
741 78 12
742 20 17
743 79 0
744 81 7
745 20 6
746 96 2
747 80 0
748 18 21
749 81 9
750 96 3
751 96 4
752 36 19
753 37 5
754 78 13
755 81 0
756 21 1
757 24 10
758 79 22
759 12 2
760 12 10
761 81 10
762 80 17
763 97 0
764 82 5
765 37 0
766 82 0
767 83 6
768 81 18
769 97 1
770 78 14
771 36 10
772 23 6
773 83 8
774 97 2
775 83 0
776 97 3
777 27 3
778 26 0
779 78 15
780 84 0
781 97 4
782 98 0
783 85 0
784 23 4
785 98 1
786 98 2
787 98 3
788 98 4
789 99 0
790 79 16
791 22 5
792 13 5
793 99 1
794 99 2
795 82 11
796 31 3
797 19 4
798 99 3
799 99 4
800 84 7
801 100 0
802 33 2
803 100 1
804 100 2
805 84 9
806 36 4
807 84 10
808 16 5
809 85 5
810 100 3
811 100 4
812 101 0
813 101 1
814 86 6
815 101 2
816 36 3
817 86 8
818 101 3
819 101 4
820 36 21
821 102 0
822 102 1
823 34 0
824 102 2
825 83 12
826 87 7
827 83 13
828 102 3
829 30 20
830 87 9
831 102 4
832 103 0
833 83 14
834 103 1
835 83 15
836 87 10
837 103 2
838 88 5
839 84 19
840 103 3
841 89 6
842 24 20
843 84 16
844 84 20
845 87 11
846 103 4
847 104 0
848 104 1
849 89 8
850 84 21
851 6 2
852 104 2
853 7 3
854 88 12
855 104 3
856 90 7
857 104 4
858 105 0
859 105 1
860 105 2
861 105 3
862 105 4
863 106 0
864 26 6
865 106 1
866 106 2
867 106 3
868 88 13
869 90 9
870 106 4
871 88 14
872 107 0
873 85 22
874 107 1
875 107 2
876 88 15
877 107 3
878 89 16
879 86 17
880 107 4
881 108 0
882 108 1
883 87 18
884 108 2
885 92 11
886 108 3
887 108 4
888 93 12
889 109 0
890 109 1
891 109 2
892 109 3
893 93 13
894 90 19
895 93 14
896 109 4
897 90 20
898 110 0
899 90 10
900 110 1
901 110 2
902 90 21
903 91 5
904 110 3
905 110 4
