// The next line is the dfg name
random6_4type_invdelay
// The next lines are FU parameters given as:
// <FU type>  <resource constraint>  <# of FUs used>  <FU delay>
ADD 19 19 1
MUL 19 19 3
DIV 20 20 5
SQRT 20 20 6
actual latency 65
0 1 0
1 2 0
2 3 20
3 6 5
4 6 36
5 6 10
6 6 7
7 59 28
8 6 2
9 6 15
10 6 43
11 6 3
12 62 3
13 7 19
14 7 12
15 56 32
16 56 45
17 11 16
18 56 7
19 7 71
20 7 3
21 7 14
22 7 2
23 58 10
24 8 34
25 7 51
26 7 52
27 11 63
28 7 23
29 57 15
30 8 59
31 8 33
32 55 2
33 8 75
34 8 28
35 8 13
36 55 3
37 61 19
38 50 27
39 58 5
40 8 6
41 8 29
42 55 4
43 55 5
44 7 22
45 56 33
46 7 53
47 7 72
48 7 50
49 56 34
50 9 3
51 17 27
52 17 7
53 42 49
54 17 48
55 38 5
56 38 6
57 14 59
58 49 10
59 11 4
60 49 11
61 46 15
62 11 45
63 11 29
64 11 2
65 11 17
66 55 25
67 55 6
68 10 10
69 51 13
70 10 7
71 10 3
72 10 40
73 51 14
74 51 15
75 51 16
76 50 28
77 47 4
78 12 2
79 20 7
80 20 11
81 22 51
82 20 75
83 20 12
84 20 29
85 15 40
86 16 13
87 16 24
88 47 0
89 14 32
90 14 30
91 42 15
92 14 33
93 42 16
94 14 75
95 53 17
96 52 55
97 54 65
98 53 18
99 56 5
100 54 0
101 54 1
102 9 13
103 44 29
104 40 14
105 16 43
106 42 65
107 15 3
108 15 35
109 40 15
110 44 30
111 42 66
112 51 17
113 51 18
114 10 22
115 52 49
116 49 12
117 11 3
118 11 30
119 49 13
120 11 41
121 11 9
122 49 14
123 11 10
124 50 29
125 49 15
126 49 9
127 52 22
128 52 23
129 58 8
130 52 24
131 49 16
132 49 17
133 49 18
134 46 16
135 11 13
136 16 4
137 37 55
138 12 35
139 20 27
140 15 4
141 23 3
142 35 4
143 37 73
144 18 6
145 36 44
146 11 6
147 50 1
148 49 72
149 50 2
150 50 40
151 52 25
152 11 18
153 61 9
154 12 68
155 12 9
156 50 30
157 12 69
158 47 5
159 50 3
160 64 0
161 48 64
162 48 65
163 12 51
164 48 66
165 48 67
166 16 9
167 16 14
168 16 15
169 16 16
170 17 56
171 17 57
172 16 3
173 16 17
174 14 34
175 42 17
176 42 18
177 43 0
178 46 38
179 46 41
180 43 1
181 46 26
182 43 2
183 17 8
184 17 16
185 17 17
186 17 10
187 17 18
188 17 11
189 13 7
190 45 5
191 45 6
192 13 24
193 50 31
194 59 3
195 47 27
196 46 42
197 47 28
198 18 8
199 12 52
200 12 8
201 47 6
202 50 32
203 47 7
204 12 67
205 13 16
206 47 8
207 47 9
208 57 20
209 40 22
210 37 71
211 37 72
212 36 9
213 20 30
214 36 10
215 36 11
216 37 56
217 19 14
218 19 71
219 19 15
220 19 16
221 19 17
222 28 17
223 28 18
224 24 36
225 33 36
226 33 37
227 28 15
228 31 10
229 31 11
230 45 7
231 45 8
232 13 6
233 22 52
234 22 53
235 33 16
236 33 17
237 32 75
238 14 29
239 43 3
240 43 4
241 14 9
242 14 76
243 47 29
244 52 2
245 52 3
246 52 4
247 42 50
248 27 60
249 47 30
250 50 0
251 27 50
252 25 74
253 23 7
254 27 51
255 23 8
256 43 5
257 14 77
258 43 6
259 43 7
260 43 8
261 40 11
262 43 9
263 43 10
264 43 74
265 51 60
266 17 33
267 36 18
268 17 50
269 17 34
270 37 7
271 17 51
272 37 8
273 37 9
274 50 33
275 48 68
276 47 10
277 47 11
278 12 53
279 37 10
280 31 8
281 18 9
282 33 18
283 34 2
284 34 3
285 32 57
286 37 25
287 32 76
288 35 40
289 47 12
290 59 9
291 41 1
292 41 2
293 41 3
294 41 4
295 40 23
296 18 10
297 18 67
298 40 24
299 40 25
300 18 68
301 18 11
302 1 58
303 7 47
304 12 0
305 12 20
306 45 9
307 47 56
308 13 3
309 56 44
310 13 19
311 13 58
312 13 0
313 13 12
314 15 6
315 42 67
316 15 60
317 15 0
318 19 1
319 21 11
320 14 15
321 43 11
322 15 14
323 16 42
324 14 0
325 17 62
326 16 6
327 16 5
328 16 0
329 16 1
330 16 18
331 17 61
332 20 40
333 37 11
334 52 0
335 16 19
336 25 2
337 17 0
338 53 0
339 41 30
340 23 0
341 23 1
342 35 31
343 19 0
344 19 7
345 19 19
346 21 42
347 7 8
348 17 9
349 26 5
350 26 6
351 26 27
352 37 74
353 8 15
354 20 59
355 20 0
356 20 28
357 9 8
358 21 60
359 22 24
360 24 69
361 21 12
362 22 54
363 36 42
364 18 20
365 21 2
366 21 9
367 37 26
368 21 13
369 32 77
370 21 45
371 21 0
372 23 62
373 21 46
374 27 52
375 25 40
376 34 22
377 24 6
378 28 16
379 24 20
380 30 66
381 30 37
382 22 25
383 22 0
384 22 2
385 22 8
386 22 9
387 23 61
388 22 48
389 22 13
390 22 49
391 23 9
392 23 6
393 24 39
394 23 10
395 23 11
396 23 27
397 23 29
398 23 12
399 30 67
400 22 14
401 31 71
402 22 1
403 27 36
404 23 13
405 16 7
406 31 41
407 27 53
408 23 30
409 23 28
410 23 14
411 30 68
412 27 54
413 23 15
414 18 3
415 16 45
416 26 44
417 24 4
418 31 12
419 26 38
420 31 13
421 24 0
422 24 64
423 31 5
424 31 23
425 25 18
426 25 21
427 25 0
428 25 3
429 31 24
430 27 6
431 30 40
432 21 14
433 31 14
434 42 14
435 47 31
436 46 43
437 14 3
438 43 12
439 17 52
440 22 6
441 22 3
442 22 15
443 23 31
444 23 5
445 23 32
446 27 55
447 23 33
448 23 16
449 23 17
450 24 65
451 27 56
452 52 5
453 10 23
454 52 6
455 52 50
456 21 5
457 22 16
458 40 16
459 15 20
460 44 31
461 44 32
462 15 17
463 16 44
464 44 33
465 44 34
466 15 8
467 26 0
468 26 2
469 18 69
470 26 7
471 30 11
472 30 64
473 30 12
474 31 38
475 30 13
476 30 14
477 30 0
478 30 15
479 30 35
480 27 20
481 38 7
482 35 27
483 35 0
484 22 26
485 26 8
486 35 1
487 24 37
488 26 9
489 43 19
490 36 45
491 29 0
492 29 39
493 29 16
494 29 17
495 26 41
496 26 59
497 26 29
498 26 10
499 26 11
500 26 30
501 26 12
502 26 13
503 26 75
504 35 32
505 31 9
506 31 44
507 26 42
508 26 16
509 26 31
510 26 17
511 26 18
512 26 77
513 26 1
514 26 4
515 26 28
516 36 1
517 36 0
518 36 2
519 36 3
520 36 4
521 27 37
522 30 65
523 27 1
524 28 26
525 27 2
526 48 69
527 27 3
528 28 5
529 28 24
530 31 46
531 28 6
532 32 47
533 29 61
534 28 25
535 28 7
536 31 43
537 29 1
538 29 27
539 29 2
540 29 3
541 29 4
542 29 5
543 29 6
544 61 0
545 37 47
546 37 5
547 37 6
548 31 58
549 31 0
550 31 21
551 31 1
552 41 0
553 30 20
554 30 1
555 30 8
556 30 9
557 41 31
558 37 4
559 30 10
560 43 13
561 43 14
562 47 32
563 43 15
564 43 16
565 47 33
566 29 30
567 23 18
568 27 47
569 30 2
570 30 3
571 30 4
572 30 5
573 31 42
574 30 6
575 30 7
576 34 19
577 34 39
578 35 61
579 34 0
580 34 21
581 31 19
582 26 14
583 38 0
584 36 20
585 36 5
586 36 35
587 36 6
588 36 36
589 36 64
590 36 38
591 36 41
592 37 0
593 37 1
594 37 58
595 37 2
596 37 3
597 37 70
598 45 20
599 36 65
600 25 71
601 27 7
602 27 8
603 27 9
604 31 25
605 25 72
606 27 10
607 1 38
608 6 20
609 6 12
610 6 0
611 6 64
612 6 35
613 9 5
614 7 0
615 7 49
616 53 16
617 7 48
618 58 25
619 57 37
620 7 5
621 58 21
622 9 7
623 13 22
624 8 76
625 9 15
626 55 7
627 8 18
628 8 0
629 8 30
630 8 1
631 9 16
632 55 72
633 9 0
634 47 13
635 12 4
636 12 1
637 49 58
638 12 5
639 12 49
640 47 14
641 12 65
642 12 7
643 10 18
644 10 0
645 52 7
646 52 8
647 10 11
648 10 19
649 10 13
650 52 9
651 10 24
652 10 14
653 55 8
654 11 14
655 11 7
656 11 61
657 52 10
658 52 11
659 52 12
660 53 61
661 52 13
662 57 47
663 52 14
664 52 15
665 55 71
666 57 48
667 8 8
668 54 2
669 52 56
670 9 6
671 9 12
672 9 9
673 54 3
674 12 13
675 13 4
676 12 17
677 10 4
678 10 8
679 52 16
680 10 15
681 10 12
682 52 17
683 49 39
684 52 26
685 14 8
686 43 17
687 14 10
688 46 44
689 44 59
690 14 4
691 54 4
692 13 73
693 14 39
694 13 70
695 45 10
696 12 10
697 47 15
698 46 14
699 54 64
700 47 16
701 47 17
702 12 18
703 21 44
704 13 25
705 46 17
706 60 0
707 41 32
708 17 5
709 17 12
710 17 2
711 17 4
712 52 51
713 61 11
714 57 17
715 62 2
716 54 20
717 57 12
718 37 53
719 40 26
720 18 1
721 19 25
722 18 64
723 52 18
724 13 23
725 45 11
726 16 41
727 13 26
728 13 8
729 49 21
730 45 12
731 13 21
732 55 19
733 11 44
734 11 31
735 42 51
736 37 12
737 17 13
738 17 14
739 19 74
740 38 59
741 37 13
742 15 18
743 42 68
744 15 36
745 40 17
746 62 1
747 38 8
748 50 4
749 50 5
750 50 6
751 41 41
752 24 1
753 18 36
754 38 9
755 49 22
756 61 5
757 61 6
758 61 7
759 38 10
760 38 77
761 18 12
762 19 72
763 37 54
764 18 13
765 21 41
766 21 15
767 21 37
768 21 3
769 22 22
770 21 6
771 42 1
772 18 14
773 47 2
774 25 23
775 25 5
776 25 1
777 10 5
778 53 1
779 57 11
780 53 2
781 10 25
782 53 3
783 10 16
784 10 9
785 36 69
786 21 43
787 19 5
788 19 8
789 19 22
790 11 33
791 22 17
792 22 18
793 22 19
794 22 21
795 22 10
796 18 15
797 31 15
798 13 9
799 42 52
800 45 35
801 40 18
802 58 19
803 55 21
804 45 13
805 45 14
806 13 5
807 47 50
808 45 15
809 62 20
810 43 18
811 44 0
812 44 75
813 44 1
814 44 2
815 44 3
816 25 24
817 56 31
818 57 14
819 58 11
820 31 16
821 30 69
822 26 15
823 31 17
824 47 18
825 58 6
826 42 0
827 19 73
828 31 22
829 27 57
830 34 23
831 34 24
832 31 18
833 50 7
834 44 4
835 44 5
836 44 76
837 14 6
838 44 77
839 46 45
840 14 5
841 45 60
842 14 31
843 47 61
844 46 46
845 54 5
846 15 5
847 58 2
848 31 26
849 34 1
850 61 1
851 50 8
852 31 72
853 25 19
854 20 13
855 32 27
856 19 9
857 39 36
858 19 58
859 19 10
860 59 8
861 26 76
862 35 33
863 38 11
864 38 12
865 16 25
866 16 26
867 42 37
868 39 60
869 41 42
870 38 13
871 43 21
872 32 0
873 58 3
874 37 57
875 59 1
876 18 16
877 39 39
878 42 2
879 47 51
880 28 19
881 28 21
882 28 1
883 28 2
884 28 22
885 28 23
886 31 45
887 28 3
888 28 4
889 61 4
890 59 2
891 42 53
892 41 5
893 41 6
894 41 7
895 42 69
896 45 36
897 41 8
898 41 9
899 41 10
900 58 4
901 37 14
902 37 15
903 50 9
904 49 73
905 50 10
906 51 38
907 50 11
908 1 19
909 4 0
910 5 0
911 4 22
912 6 1
913 7 1
914 8 10
915 8 2
916 8 5
917 8 16
918 8 77
919 9 39
920 55 26
921 8 4
922 55 9
923 9 20
924 4 39
925 14 27
926 42 36
927 17 1
928 38 14
929 17 29
930 17 63
931 5 9
932 55 74
933 54 6
934 9 1
935 54 7
936 9 37
937 9 35
938 18 0
939 48 0
940 12 6
941 12 16
942 12 3
943 12 48
944 12 54
945 10 1
946 9 11
947 58 7
948 45 0
949 11 5
950 11 62
951 46 18
952 50 12
953 50 13
954 37 16
955 38 75
956 17 47
957 17 3
958 19 2
959 41 27
960 19 21
961 19 13
962 19 23
963 47 52
964 16 46
965 13 11
966 13 74
967 49 23
968 45 16
969 45 17
970 45 18
971 13 2
972 13 71
973 46 0
974 13 72
975 40 40
976 35 15
977 20 4
978 20 6
979 36 43
980 20 5
981 39 37
982 20 10
983 19 11
984 40 19
985 23 4
986 32 12
987 32 13
988 23 2
989 31 73
990 12 14
991 9 10
992 59 27
993 21 4
994 61 2
995 36 67
996 15 15
997 14 7
998 14 2
999 14 18
1000 14 14
1001 47 47
1002 40 12
1003 44 6
1004 44 7
1005 18 2
1006 53 4
1007 53 5
1008 53 6
1009 10 21
1010 52 52
1011 53 62
1012 35 16
1013 24 35
1014 24 9
1015 31 70
1016 32 1
1017 32 2
1018 32 49
1019 24 5
1020 32 3
1021 41 11
1022 10 26
1023 53 7
1024 7 54
1025 7 25
1026 7 15
1027 7 55
1028 62 0
1029 19 3
1030 34 4
1031 34 5
1032 22 7
1033 34 6
1034 38 27
1035 34 7
1036 34 8
1037 34 9
1038 22 55
1039 19 39
1040 15 2
1041 43 58
1042 44 28
1043 41 12
1044 45 37
1045 43 70
1046 15 11
1047 15 12
1048 35 17
1049 35 18
1050 36 68
1051 20 31
1052 35 14
1053 40 21
1054 36 8
1055 27 11
1056 27 12
1057 25 73
1058 32 28
1059 27 13
1060 46 1
1061 47 53
1062 49 24
1063 46 2
1064 43 71
1065 42 54
1066 41 13
1067 46 19
1068 48 1
1069 48 2
1070 12 50
1071 12 37
1072 48 3
1073 50 34
1074 48 4
1075 53 33
1076 38 34
1077 19 6
1078 38 15
1079 43 22
1080 38 16
1081 38 17
1082 43 23
1083 38 18
1084 43 24
1085 39 0
1086 63 0
1087 36 7
1088 39 1
1089 39 2
1090 39 3
1091 16 2
1092 41 14
1093 33 60
1094 34 10
1095 34 11
1096 22 4
1097 23 63
1098 35 62
1099 34 12
1100 34 13
1101 46 21
1102 37 52
1103 32 29
1104 24 11
1105 24 12
1106 24 13
1107 24 2
1108 32 30
1109 24 66
1110 32 31
1111 26 45
1112 20 14
1113 37 17
1114 46 3
1115 18 66
1116 41 33
1117 17 53
1118 17 49
1119 37 18
1120 38 1
1121 38 2
1122 38 76
1123 17 54
1124 25 25
1125 25 6
1126 25 22
1127 25 26
1128 25 7
1129 25 8
1130 26 43
1131 25 9
1132 32 32
1133 32 14
1134 22 5
1135 32 15
1136 32 16
1137 32 17
1138 35 34
1139 27 0
1140 28 0
1141 16 23
1142 48 5
1143 32 54
1144 32 18
1145 36 37
1146 31 74
1147 32 55
1148 33 0
1149 20 15
1150 20 16
1151 20 33
1152 36 46
1153 20 17
1154 37 48
1155 29 15
1156 29 18
1157 29 29
1158 31 6
1159 31 7
1160 29 62
1161 32 48
1162 32 50
1163 47 1
1164 37 19
1165 29 63
1166 19 12
1167 30 16
1168 30 17
1169 30 18
1170 31 2
1171 31 3
1172 30 36
1173 31 4
1174 32 4
1175 32 5
1176 34 25
1177 32 56
1178 33 1
1179 33 2
1180 37 21
1181 33 3
1182 33 4
1183 33 5
1184 33 6
1185 33 7
1186 37 22
1187 29 7
1188 29 8
1189 29 9
1190 29 10
1191 29 11
1192 29 12
1193 29 28
1194 29 13
1195 29 14
1196 5 31
1197 41 15
1198 41 16
1199 43 72
1200 41 17
1201 23 34
1202 32 51
1203 32 6
1204 32 52
1205 32 7
1206 34 26
1207 32 53
1208 32 8
1209 1 2
1210 2 1
1211 3 0
1212 3 60
1213 3 1
1214 4 24
1215 4 2
1216 4 23
1217 7 26
1218 5 27
1219 58 9
1220 4 5
1221 4 6
1222 4 3
1223 4 1
1224 4 26
1225 4 19
1226 4 4
1227 5 29
1228 3 2
1229 5 33
1230 5 30
1231 5 28
1232 5 14
1233 5 62
1234 5 10
1235 58 22
1236 4 21
1237 8 9
1238 7 9
1239 5 4
1240 5 40
1241 5 1
1242 5 5
1243 5 11
1244 5 8
1245 5 61
1246 5 32
1247 5 6
1248 5 7
1249 8 17
1250 6 4
1251 5 2
1252 6 41
1253 7 17
1254 7 21
1255 56 8
1256 7 58
1257 7 4
1258 7 56
1259 7 24
1260 5 63
1261 6 16
1262 6 8
1263 6 14
1264 6 44
1265 6 38
1266 5 34
1267 5 3
1268 11 8
1269 56 9
1270 6 67
1271 5 13
1272 50 14
1273 51 41
1274 11 12
1275 50 15
1276 50 16
1277 6 45
1278 6 11
1279 6 17
1280 6 6
1281 9 60
1282 9 17
1283 11 38
1284 54 68
1285 6 18
1286 6 9
1287 57 7
1288 6 42
1289 6 13
1290 46 4
1291 7 74
1292 7 57
1293 56 10
1294 56 11
1295 56 12
1296 7 10
1297 7 7
1298 55 10
1299 16 21
1300 53 28
1301 7 16
1302 56 13
1303 56 14
1304 6 69
1305 56 15
1306 11 28
1307 13 17
1308 46 5
1309 57 16
1310 55 11
1311 52 54
1312 56 27
1313 55 12
1314 48 6
1315 58 13
1316 56 16
1317 7 73
1318 7 18
1319 56 17
1320 4 25
1321 56 46
1322 42 55
1323 13 1
1324 51 42
1325 50 17
1326 12 12
1327 58 24
1328 56 18
1329 57 3
1330 6 65
1331 59 5
1332 58 26
1333 57 4
1334 7 13
1335 7 11
1336 7 6
1337 58 23
1338 7 70
1339 12 55
1340 6 37
1341 6 46
1342 56 43
1343 57 5
1344 57 6
1345 8 14
1346 56 28
1347 2 2
1348 55 40
1349 9 14
1350 56 4
1351 50 18
1352 49 74
1353 55 70
1354 44 8
1355 44 9
1356 14 1
1357 47 62
1358 55 13
1359 54 8
1360 16 11
1361 41 18
1362 42 3
1363 15 9
1364 42 4
1365 42 5
1366 15 1
1367 42 64
1368 43 25
1369 16 38
1370 39 4
1371 41 43
1372 39 5
1373 39 6
1374 41 44
1375 48 7
1376 14 11
1377 44 10
1378 47 34
1379 44 11
1380 14 12
1381 46 6
1382 55 14
1383 8 32
1384 54 69
1385 55 15
1386 55 16
1387 56 38
1388 42 56
1389 61 10
1390 55 17
1391 57 18
1392 39 7
1393 41 61
1394 39 8
1395 39 9
1396 39 10
1397 19 24
1398 39 11
1399 39 12
1400 39 13
1401 46 7
1402 47 54
1403 46 8
1404 49 25
1405 46 9
1406 13 18
1407 49 70
1408 48 8
1409 48 9
1410 48 10
1411 48 11
1412 48 12
1413 48 13
1414 52 53
1415 55 18
1416 55 73
1417 9 18
1418 56 0
1419 56 41
1420 56 42
1421 58 14
1422 56 1
1423 56 2
1424 44 12
1425 56 29
1426 39 14
1427 6 66
1428 57 8
1429 57 9
1430 6 68
1431 57 10
1432 58 0
1433 61 12
1434 59 4
1435 42 57
1436 50 59
1437 41 45
1438 51 0
1439 10 6
1440 53 8
1441 53 9
1442 53 63
1443 56 3
1444 55 22
1445 54 66
1446 54 9
1447 54 10
1448 54 11
1449 61 3
1450 55 58
1451 2 3
1452 61 8
1453 61 38
1454 51 43
1455 51 44
1456 51 1
1457 51 45
1458 51 46
1459 51 2
1460 52 47
1461 13 13
1462 48 20
1463 44 13
1464 57 0
1465 57 1
1466 57 36
1467 57 2
1468 39 15
1469 13 15
1470 53 29
1471 51 3
1472 50 75
1473 51 4
1474 51 5
1475 11 11
1476 50 76
1477 51 6
1478 46 10
1479 38 28
1480 38 29
1481 21 16
1482 21 17
1483 35 63
1484 21 18
1485 34 14
1486 34 15
1487 34 16
1488 53 34
1489 13 10
1490 48 14
1491 51 20
1492 54 12
1493 54 13
1494 54 14
1495 54 15
1496 59 7
1497 48 15
1498 12 56
1499 51 35
1500 48 16
1501 48 17
1502 49 71
1503 48 18
1504 51 36
1505 5 12
1506 44 14
1507 44 15
1508 48 35
1509 47 48
1510 44 16
1511 44 17
1512 47 49
1513 44 18
1514 1 1
1515 2 59
1516 2 4
1517 8 11
1518 8 3
1519 8 7
1520 8 27
1521 10 17
1522 8 12
1523 56 6
1524 8 31
1525 11 46
1526 9 2
1527 54 16
1528 11 27
1529 11 32
1530 51 7
1531 14 28
1532 45 1
1533 14 16
1534 14 13
1535 45 2
1536 15 16
1537 47 57
1538 54 17
1539 17 28
1540 17 15
1541 54 67
1542 9 4
1543 11 42
1544 52 57
1545 55 23
1546 57 35
1547 18 17
1548 52 1
1549 57 13
1550 11 43
1551 53 10
1552 53 11
1553 10 2
1554 20 3
1555 20 2
1556 21 38
1557 20 76
1558 20 18
1559 20 1
1560 11 1
1561 51 8
1562 11 0
1563 53 30
1564 51 9
1565 51 10
1566 58 12
1567 11 15
1568 56 30
1569 14 17
1570 48 36
1571 40 13
1572 52 21
1573 12 11
1574 12 64
1575 12 36
1576 12 15
1577 26 3
1578 47 63
1579 18 7
1580 18 18
1581 18 5
1582 19 18
1583 36 12
1584 36 13
1585 18 35
1586 41 38
1587 36 14
1588 21 36
1589 34 17
1590 38 30
1591 21 7
1592 45 4
1593 49 1
1594 49 2
1595 12 47
1596 51 37
1597 49 3
1598 52 19
1599 49 4
1600 49 5
1601 21 35
1602 21 20
1603 38 31
1604 24 10
1605 24 67
1606 32 33
1607 24 8
1608 24 14
1609 46 11
1610 38 32
1611 38 33
1612 22 56
1613 21 10
1614 21 1
1615 21 8
1616 22 23
1617 34 18
1618 35 2
1619 17 30
1620 41 34
1621 18 65
1622 17 6
1623 38 3
1624 42 20
1625 42 35
1626 17 32
1627 17 31
1628 42 6
1629 19 26
1630 11 34
1631 51 11
1632 51 12
1633 50 77
1634 53 31
1635 47 3
1636 53 32
1637 52 48
1638 42 7
1639 15 13
1640 13 14
1641 45 3
1642 48 37
1643 16 22
1644 42 8
1645 16 12
1646 42 9
1647 15 10
1648 15 7
1649 35 3
1650 20 9
1651 35 5
1652 37 49
1653 35 6
1654 20 32
1655 37 50
1656 20 34
1657 35 7
1658 20 8
1659 58 1
1660 33 8
1661 33 9
1662 22 47
1663 33 10
1664 22 50
1665 32 59
1666 22 11
1667 33 11
1668 33 12
1669 36 66
1670 53 27
1671 24 15
1672 24 16
1673 24 3
1674 24 17
1675 24 18
1676 27 14
1677 24 68
1678 19 4
1679 49 6
1680 25 10
1681 27 15
1682 35 28
1683 15 37
1684 42 10
1685 44 39
1686 42 11
1687 42 12
1688 32 9
1689 32 10
1690 35 29
1691 24 7
1692 35 30
1693 39 16
1694 39 17
1695 39 18
1696 40 0
1697 16 10
1698 25 11
1699 25 12
1700 26 32
1701 25 13
1702 41 46
1703 40 1
1704 43 26
1705 54 35
1706 53 12
1707 54 36
1708 12 66
1709 53 13
1710 53 14
1711 54 37
1712 53 15
1713 46 22
1714 46 23
1715 43 73
1716 42 13
1717 46 25
1718 46 24
1719 33 13
1720 22 12
1721 37 23
1722 33 14
1723 18 37
1724 36 15
1725 18 4
1726 41 28
1727 36 16
1728 36 17
1729 41 29
1730 55 24
1731 9 36
1732 54 18
1733 55 0
1734 54 39
1735 55 1
1736 49 0
1737 27 35
1738 22 57
1739 35 8
1740 35 9
1741 20 77
1742 35 10
1743 39 20
1744 39 35
1745 35 11
1746 35 12
1747 35 13
1748 27 4
1749 27 5
1750 29 31
1751 29 32
1752 29 33
1753 27 48
1754 29 34
1755 25 4
1756 25 14
1757 26 33
1758 25 15
1759 25 16
1760 26 34
1761 25 58
1762 25 17
1763 25 70
1764 32 11
1765 19 70
1766 59 0
1767 49 26
1768 46 12
1769 47 55
1770 46 13
1771 37 24
1772 44 27
1773 16 8
1774 42 47
1775 40 2
1776 40 3
1777 42 48
1778 59 6
1779 27 16
1780 49 19
1781 45 40
1782 32 34
1783 27 17
1784 27 18
1785 28 8
1786 28 9
1787 28 10
1788 17 55
1789 38 4
1790 49 7
1791 49 8
1792 12 57
1793 40 4
1794 40 5
1795 40 6
1796 41 62
1797 40 7
1798 40 8
1799 41 63
1800 40 9
1801 40 10
1802 33 15
1803 37 51
1804 28 11
1805 33 20
1806 28 12
1807 28 13
1808 26 46
1809 28 14
1810 33 35
1811 27 49
