// The next line is the dfg name
random5_4type_invdelay
// The next lines are FU parameters given as:
// <FU type>  <resource constraint>  <# of FUs used>  <FU delay>
ADD 11 11 1
MUL 12 12 3
DIV 12 12 5
SQRT 12 12 6
actual latency 69
0 1 11
1 4 11
2 4 1
3 66 9
4 5 28
5 7 16
6 63 6
7 7 0
8 7 3
9 7 7
10 8 4
11 58 22
12 62 3
13 8 6
14 8 1
15 62 4
16 61 11
17 61 16
18 8 12
19 9 14
20 58 11
21 65 8
22 9 2
23 57 13
24 9 9
25 57 34
26 60 15
27 10 7
28 61 9
29 65 10
30 10 0
31 11 8
32 10 3
33 10 16
34 60 44
35 66 4
36 56 1
37 12 2
38 12 8
39 55 21
40 12 4
41 56 2
42 13 0
43 14 2
44 67 1
45 67 0
46 4 2
47 13 1
48 11 3
49 9 5
50 9 3
51 9 1
52 57 14
53 14 26
54 14 3
55 51 10
56 52 0
57 52 1
58 59 41
59 56 3
60 60 14
61 11 32
62 11 31
63 56 4
64 11 0
65 11 1
66 66 7
67 16 8
68 15 10
69 46 4
70 15 27
71 49 2
72 17 4
73 49 3
74 52 39
75 61 0
76 58 19
77 10 8
78 59 8
79 62 1
80 12 10
81 12 43
82 61 2
83 53 2
84 51 8
85 12 6
86 53 3
87 53 4
88 12 3
89 12 5
90 49 17
91 49 18
92 12 23
93 53 5
94 13 17
95 13 19
96 59 7
97 52 2
98 13 20
99 13 3
100 13 8
101 18 0
102 18 7
103 18 42
104 18 1
105 42 14
106 18 2
107 53 6
108 53 7
109 12 0
110 12 44
111 19 6
112 19 26
113 19 35
114 19 11
115 49 19
116 53 8
117 10 27
118 59 9
119 59 10
120 55 45
121 60 5
122 55 46
123 60 6
124 52 3
125 14 25
126 50 36
127 13 45
128 47 1
129 47 2
130 22 33
131 19 7
132 19 16
133 19 1
134 19 8
135 19 2
136 19 5
137 19 25
138 19 3
139 19 17
140 47 33
141 46 8
142 16 9
143 18 43
144 22 20
145 20 0
146 20 1
147 22 19
148 20 2
149 20 4
150 20 36
151 20 3
152 22 21
153 51 14
154 60 1
155 66 0
156 5 29
157 5 3
158 66 10
159 5 4
160 63 0
161 52 4
162 56 12
163 67 14
164 41 12
165 63 1
166 21 2
167 15 4
168 22 5
169 22 7
170 22 16
171 22 4
172 22 8
173 22 9
174 22 10
175 40 30
176 65 2
177 56 36
178 10 21
179 10 22
180 55 11
181 10 6
182 55 16
183 57 37
184 60 7
185 10 5
186 66 1
187 17 6
188 17 7
189 44 10
190 48 9
191 43 46
192 16 32
193 16 18
194 16 6
195 51 37
196 44 36
197 25 10
198 15 29
199 43 9
200 13 6
201 13 21
202 13 9
203 13 4
204 50 30
205 23 7
206 23 8
207 23 9
208 23 10
209 23 3
210 26 7
211 26 8
212 43 21
213 53 9
214 41 31
215 60 0
216 52 5
217 25 21
218 56 5
219 56 6
220 11 5
221 54 25
222 51 15
223 54 26
224 12 15
225 42 15
226 15 30
227 14 12
228 46 18
229 14 9
230 46 19
231 64 1
232 64 2
233 62 0
234 56 7
235 55 27
236 59 4
237 11 40
238 55 28
239 56 8
240 11 41
241 56 9
242 52 16
243 47 34
244 25 22
245 15 15
246 15 38
247 46 9
248 15 6
249 46 10
250 43 22
251 15 28
252 47 3
253 19 9
254 19 10
255 22 34
256 22 22
257 20 5
258 20 6
259 20 27
260 20 7
261 21 37
262 20 8
263 20 29
264 49 0
265 23 41
266 12 33
267 53 10
268 54 0
269 49 20
270 54 1
271 54 2
272 54 3
273 21 31
274 53 40
275 16 4
276 60 2
277 45 0
278 45 27
279 45 28
280 45 1
281 16 19
282 45 2
283 14 10
284 52 11
285 46 20
286 49 4
287 49 5
288 46 21
289 49 6
290 15 8
291 49 35
292 17 34
293 17 9
294 17 10
295 44 12
296 47 4
297 47 5
298 47 40
299 1 35
300 7 23
301 12 13
302 15 37
303 21 13
304 21 0
305 21 7
306 12 42
307 40 8
308 7 4
309 18 13
310 21 1
311 22 11
312 22 1
313 22 17
314 22 39
315 22 23
316 40 9
317 22 0
318 23 12
319 24 25
320 24 2
321 24 44
322 24 26
323 24 43
324 24 3
325 24 5
326 24 0
327 24 6
328 25 3
329 25 1
330 25 11
331 25 0
332 25 4
333 25 45
334 25 46
335 25 5
336 23 24
337 23 4
338 23 6
339 23 0
340 47 6
341 28 11
342 28 39
343 28 3
344 34 11
345 26 1
346 26 12
347 27 38
348 26 31
349 26 36
350 26 0
351 26 3
352 26 4
353 25 2
354 25 17
355 24 42
356 24 1
357 26 32
358 24 14
359 25 27
360 24 4
361 24 7
362 29 2
363 29 0
364 29 40
365 29 3
366 29 1
367 29 12
368 29 25
369 34 39
370 25 16
371 25 30
372 39 38
373 25 28
374 25 35
375 34 3
376 34 17
377 34 0
378 34 4
379 34 18
380 34 1
381 34 19
382 34 25
383 31 4
384 31 5
385 31 31
386 30 3
387 10 28
388 27 15
389 31 16
390 39 14
391 35 9
392 37 35
393 27 13
394 35 10
395 31 17
396 29 4
397 30 15
398 29 5
399 29 6
400 30 4
401 30 5
402 30 6
403 31 21
404 30 14
405 30 43
406 30 2
407 30 7
408 35 0
409 25 6
410 31 0
411 30 8
412 30 42
413 30 0
414 30 27
415 31 6
416 31 11
417 31 35
418 31 7
419 30 9
420 30 44
421 30 10
422 31 22
423 27 0
424 27 1
425 27 2
426 27 3
427 32 1
428 26 2
429 25 18
430 33 0
431 34 16
432 43 11
433 31 8
434 31 9
435 31 32
436 27 37
437 34 9
438 34 10
439 30 1
440 31 1
441 34 2
442 34 20
443 35 8
444 35 12
445 36 14
446 36 15
447 32 12
448 34 21
449 32 0
450 32 2
451 32 23
452 34 22
453 32 3
454 37 18
455 32 4
456 33 13
457 32 36
458 35 1
459 25 19
460 28 17
461 35 41
462 28 16
463 36 43
464 36 44
465 37 46
466 28 4
467 36 32
468 31 45
469 31 3
470 31 18
471 31 2
472 37 0
473 37 45
474 37 1
475 35 2
476 31 10
477 34 5
478 34 6
479 34 7
480 31 19
481 36 1
482 36 2
483 36 3
484 36 4
485 36 5
486 36 6
487 36 7
488 36 0
489 36 8
490 25 7
491 33 37
492 32 5
493 35 40
494 31 20
495 32 6
496 32 33
497 32 34
498 32 7
499 37 19
500 32 8
501 37 20
502 32 9
503 30 13
504 38 12
505 39 13
506 38 0
507 38 1
508 38 2
509 38 3
510 38 4
511 38 5
512 38 24
513 48 10
514 51 38
515 38 36
516 49 7
517 49 8
518 37 2
519 37 23
520 28 0
521 37 33
522 28 1
523 37 34
524 39 25
525 28 24
526 28 5
527 28 2
528 35 4
529 35 5
530 35 6
531 37 16
532 37 17
533 35 7
534 29 7
535 29 41
536 29 8
537 29 9
538 29 26
539 29 10
540 38 7
541 38 8
542 38 9
543 36 42
544 37 7
545 37 8
546 37 9
547 37 11
548 37 10
549 38 6
550 26 5
551 26 6
552 42 0
553 28 18
554 39 37
555 28 6
556 28 7
557 38 10
558 30 29
559 39 0
560 31 46
561 39 1
562 39 2
563 39 3
564 32 10
565 35 27
566 37 21
567 36 9
568 36 10
569 36 13
570 37 3
571 37 4
572 37 5
573 37 6
574 36 31
575 35 28
576 33 8
577 35 29
578 33 9
579 33 10
580 37 22
581 34 8
582 33 1
583 33 2
584 33 24
585 33 3
586 33 4
587 33 14
588 33 15
589 33 5
590 34 26
591 33 6
592 33 7
593 30 30
594 39 4
595 39 5
596 39 6
597 33 38
598 1 1
599 2 13
600 5 12
601 10 19
602 8 24
603 62 5
604 8 36
605 9 25
606 61 32
607 8 0
608 61 10
609 9 26
610 14 1
611 65 9
612 5 1
613 14 0
614 9 13
615 10 29
616 9 37
617 46 5
618 49 26
619 13 7
620 12 14
621 13 11
622 46 17
623 15 14
624 16 10
625 46 6
626 15 9
627 15 3
628 49 9
629 15 0
630 66 5
631 15 1
632 6 42
633 6 1
634 6 4
635 6 32
636 6 6
637 6 14
638 6 2
639 6 43
640 6 8
641 16 16
642 16 17
643 17 40
644 45 37
645 45 3
646 7 18
647 7 9
648 7 35
649 7 17
650 64 10
651 47 7
652 15 13
653 15 2
654 15 5
655 15 7
656 45 13
657 47 8
658 16 0
659 45 14
660 45 15
661 46 11
662 48 24
663 16 1
664 47 9
665 46 16
666 16 7
667 10 2
668 47 41
669 47 10
670 16 11
671 48 0
672 48 1
673 53 41
674 56 10
675 11 12
676 55 29
677 57 3
678 52 17
679 60 28
680 11 6
681 61 17
682 13 22
683 13 2
684 52 34
685 13 24
686 17 2
687 45 4
688 17 1
689 17 23
690 17 3
691 58 24
692 45 5
693 16 5
694 65 1
695 54 4
696 56 0
697 14 4
698 54 5
699 14 5
700 54 6
701 54 7
702 54 8
703 45 6
704 45 7
705 17 0
706 57 1
707 45 8
708 45 29
709 16 39
710 45 9
711 16 31
712 16 3
713 41 32
714 18 14
715 18 24
716 18 6
717 18 8
718 18 9
719 18 15
720 18 4
721 42 23
722 7 8
723 22 3
724 10 20
725 11 9
726 41 10
727 42 4
728 19 18
729 42 5
730 19 19
731 42 6
732 42 7
733 22 2
734 42 33
735 43 16
736 16 2
737 16 20
738 45 10
739 17 41
740 17 8
741 46 0
742 16 21
743 57 0
744 39 26
745 40 10
746 41 0
747 40 18
748 41 1
749 28 22
750 41 2
751 40 19
752 27 34
753 40 27
754 40 20
755 42 44
756 40 21
757 43 35
758 25 20
759 42 8
760 42 9
761 18 10
762 43 6
763 43 7
764 18 5
765 18 3
766 66 8
767 7 45
768 48 2
769 43 10
770 18 44
771 58 0
772 51 31
773 17 5
774 44 0
775 17 33
776 19 46
777 44 1
778 17 12
779 43 17
780 42 34
781 66 13
782 21 3
783 21 4
784 21 14
785 21 5
786 23 40
787 26 9
788 41 40
789 23 2
790 26 10
791 27 4
792 27 5
793 27 6
794 23 5
795 60 8
796 50 27
797 46 7
798 44 2
799 44 3
800 44 4
801 44 5
802 44 6
803 41 41
804 40 7
805 21 15
806 21 6
807 49 10
808 14 36
809 57 2
810 43 24
811 43 45
812 66 3
813 7 19
814 7 20
815 63 7
816 7 21
817 63 8
818 20 9
819 20 10
820 20 28
821 20 30
822 21 8
823 21 9
824 40 22
825 39 7
826 35 30
827 39 8
828 40 11
829 39 9
830 39 10
831 40 0
832 40 1
833 24 15
834 24 13
835 27 7
836 27 8
837 42 42
838 27 9
839 28 21
840 27 10
841 28 8
842 52 6
843 48 14
844 19 20
845 45 30
846 66 12
847 27 23
848 16 22
849 46 31
850 46 32
851 45 38
852 46 1
853 46 39
854 46 2
855 46 3
856 27 14
857 48 3
858 48 4
859 48 5
860 48 42
861 48 6
862 43 18
863 44 25
864 43 19
865 43 20
866 44 7
867 44 26
868 44 8
869 44 9
870 43 8
871 57 4
872 40 6
873 49 1
874 64 0
875 41 5
876 22 18
877 65 3
878 22 6
879 41 3
880 41 4
881 47 0
882 50 0
883 50 1
884 50 2
885 50 3
886 50 4
887 50 5
888 49 45
889 50 6
890 54 9
891 12 34
892 54 10
893 49 21
894 55 0
895 49 22
896 27 33
897 42 10
898 43 0
899 40 28
900 43 1
901 19 21
902 19 22
903 42 13
904 1 0
905 2 0
906 2 1
907 2 23
908 2 3
909 2 2
910 2 36
911 2 4
912 2 12
913 3 4
914 3 0
915 3 15
916 3 5
917 3 3
918 3 38
919 3 37
920 3 14
921 3 6
922 3 2
923 3 16
924 3 7
925 4 3
926 6 7
927 7 22
928 7 10
929 3 1
930 5 0
931 9 10
932 6 0
933 7 1
934 7 46
935 7 2
936 7 11
937 7 5
938 58 16
939 55 17
940 60 30
941 61 31
942 60 9
943 60 10
944 10 39
945 55 18
946 11 10
947 10 11
948 4 0
949 66 6
950 6 31
951 3 24
952 5 40
953 5 5
954 5 9
955 5 6
956 5 27
957 5 41
958 5 10
959 5 30
960 5 2
961 62 6
962 13 35
963 57 5
964 9 7
965 6 3
966 6 9
967 6 15
968 6 13
969 6 10
970 6 5
971 64 6
972 64 7
973 6 44
974 9 6
975 61 3
976 57 15
977 19 0
978 12 7
979 3 8
980 59 26
981 62 7
982 62 8
983 9 15
984 8 2
985 8 7
986 64 9
987 8 8
988 60 43
989 8 9
990 62 9
991 9 38
992 58 17
993 8 3
994 8 5
995 9 4
996 52 18
997 57 6
998 57 7
999 12 9
1000 53 1
1001 13 18
1002 54 42
1003 55 30
1004 8 10
1005 62 10
1006 60 42
1007 10 17
1008 59 12
1009 65 7
1010 55 9
1011 9 0
1012 55 1
1013 65 5
1014 58 20
1015 58 21
1016 63 9
1017 7 6
1018 63 10
1019 64 3
1020 9 8
1021 63 2
1022 63 3
1023 7 33
1024 64 4
1025 7 34
1026 59 40
1027 57 38
1028 55 19
1029 61 1
1030 10 1
1031 10 4
1032 50 7
1033 50 8
1034 46 22
1035 50 9
1036 48 15
1037 13 10
1038 52 7
1039 10 18
1040 66 2
1041 10 9
1042 10 10
1043 10 30
1044 55 10
1045 58 39
1046 11 7
1047 52 19
1048 11 2
1049 57 8
1050 59 5
1051 57 9
1052 60 13
1053 61 4
1054 61 5
1055 67 15
1056 65 11
1057 50 10
1058 57 10
1059 58 2
1060 54 43
1061 11 4
1062 58 3
1063 52 20
1064 52 21
1065 58 4
1066 52 22
1067 61 6
1068 21 10
1069 41 6
1070 20 12
1071 41 7
1072 21 38
1073 41 8
1074 59 25
1075 28 9
1076 28 10
1077 42 43
1078 23 1
1079 59 6
1080 58 5
1081 53 12
1082 55 22
1083 58 6
1084 56 31
1085 58 7
1086 56 32
1087 58 8
1088 54 44
1089 12 1
1090 55 2
1091 55 3
1092 55 4
1093 52 33
1094 55 5
1095 50 12
1096 55 6
1097 51 13
1098 13 5
1099 14 6
1100 52 8
1101 14 7
1102 53 24
1103 51 32
1104 13 46
1105 49 11
1106 57 33
1107 64 8
1108 60 29
1109 54 13
1110 58 9
1111 57 23
1112 55 35
1113 58 10
1114 54 14
1115 59 0
1116 54 15
1117 14 8
1118 52 23
1119 52 9
1120 52 10
1121 49 16
1122 62 2
1123 51 0
1124 51 1
1125 59 1
1126 43 2
1127 43 3
1128 40 29
1129 19 45
1130 43 4
1131 43 5
1132 19 4
1133 61 7
1134 55 7
1135 55 8
1136 51 9
1137 61 8
1138 63 4
1139 58 18
1140 63 5
1141 59 2
1142 64 5
1143 24 8
1144 24 9
1145 24 10
1146 28 19
1147 40 39
1148 25 29
1149 28 20
1150 25 8
1151 25 9
1152 13 16
1153 58 1
1154 65 6
1155 47 23
1156 48 43
1157 49 25
1158 48 7
1159 48 8
1160 48 44
1161 49 46
1162 41 9
1163 21 32
1164 60 3
1165 53 0
1166 55 20
1167 60 4
1168 59 3
1169 40 16
1170 40 2
1171 40 17
1172 40 3
1173 40 4
1174 40 5
1175 39 15
1176 30 28
1177 51 2
1178 51 3
1179 51 4
1180 51 5
1181 50 28
1182 50 29
1183 47 12
1184 51 6
1185 48 13
1186 51 7
1187 4 25
1188 4 4
1189 4 39
1190 4 17
1191 4 5
1192 4 6
1193 4 7
1194 4 8
1195 4 9
1196 65 0
1197 42 1
1198 42 2
1199 42 3
1200 65 4
1201 60 27
1202 35 3
1203 4 10
1204 5 7
1205 5 8
1206 4 26
1207 4 18
