// The next line is the dfg name
random2_4type_invdelay
// The next lines are FU parameters given as:
// <FU type>  <resource constraint>  <# of FUs used>  <FU delay>
ADD 3 3 1
MUL 4 4 3
DIV 4 4 5
SQRT 4 4 6
actual latency 120
0 1 1
1 2 0
2 2 1
3 3 11
4 3 2
5 3 1
6 19 0
7 3 0
8 4 14
9 4 0
10 19 1
11 4 1
12 19 2
13 5 1
14 8 1
15 4 13
16 78 0
17 16 3
18 5 2
19 5 4
20 10 14
21 5 0
22 5 9
23 5 5
24 6 1
25 7 2
26 47 1
27 6 10
28 9 11
29 6 0
30 6 2
31 7 3
32 10 2
33 11 10
34 47 2
35 11 2
36 16 13
37 16 12
38 14 0
39 11 0
40 11 1
41 8 0
42 17 4
43 22 0
44 4 3
45 11 5
46 19 7
47 40 12
48 7 1
49 48 1
50 48 2
51 20 8
52 28 13
53 49 1
54 23 0
55 38 4
56 8 2
57 14 6
58 43 2
59 24 7
60 38 5
61 38 6
62 10 12
63 25 8
64 22 2
65 23 6
66 49 2
67 40 0
68 41 4
69 36 10
70 50 1
71 24 1
72 17 5
73 50 2
74 14 2
75 16 14
76 51 1
77 40 13
78 23 2
79 51 2
80 52 1
81 33 11
82 52 2
83 13 3
84 53 1
85 53 2
86 12 2
87 54 1
88 12 1
89 40 14
90 54 2
91 55 1
92 22 13
93 55 2
94 45 1
95 56 1
96 40 3
97 56 2
98 41 5
99 31 1
100 17 0
101 17 6
102 20 9
103 57 1
104 16 10
105 57 2
106 45 11
107 58 1
108 46 12
109 58 2
110 18 1
111 59 1
112 59 2
113 8 6
114 46 13
115 60 1
116 46 14
117 10 1
118 60 2
119 39 7
120 41 6
121 43 3
122 43 0
123 34 0
124 61 1
125 61 2
126 42 0
127 44 4
128 44 5
129 44 6
130 62 1
131 35 1
132 62 2
133 63 1
134 39 11
135 63 2
136 64 1
137 46 3
138 47 4
139 41 2
140 35 8
141 40 8
142 16 1
143 40 9
144 64 2
145 65 1
146 41 10
147 47 5
148 13 1
149 13 0
150 65 2
151 44 7
152 45 8
153 66 1
154 12 0
155 66 2
156 45 9
157 67 1
158 67 2
159 14 5
160 46 10
161 68 1
162 68 2
163 69 1
164 69 2
165 70 1
166 70 2
167 49 7
168 71 1
169 71 2
170 32 6
171 72 1
172 72 2
173 73 1
174 26 6
175 51 11
176 52 12
177 35 0
178 52 13
179 50 8
180 73 2
181 74 1
182 52 14
183 50 9
184 74 2
185 51 10
186 47 6
187 75 1
188 75 2
189 49 3
190 50 4
191 76 1
192 76 2
193 77 1
194 77 2
195 78 1
196 78 2
197 79 0
198 18 2
199 79 1
200 54 7
201 79 2
202 80 0
203 8 5
204 55 8
205 1 3
206 4 7
207 11 4
208 9 0
209 4 12
210 80 1
211 10 9
212 80 2
213 81 0
214 16 2
215 15 11
216 15 0
217 15 2
218 15 9
219 4 2
220 22 3
221 81 1
222 36 0
223 42 2
224 50 5
225 25 0
226 25 1
227 25 2
228 81 2
229 82 0
230 82 1
231 26 0
232 30 0
233 27 1
234 33 2
235 50 6
236 27 11
237 28 3
238 34 3
239 82 2
240 83 0
241 31 3
242 83 1
243 55 9
244 83 2
245 84 0
246 45 0
247 37 2
248 37 0
249 26 4
250 26 10
251 37 3
252 20 2
253 20 4
254 31 0
255 39 2
256 22 14
257 57 11
258 23 5
259 22 12
260 23 4
261 58 12
262 52 3
263 53 4
264 32 1
265 53 5
266 23 1
267 56 10
268 35 5
269 44 0
270 84 1
271 58 13
272 38 0
273 14 4
274 26 5
275 84 2
276 85 0
277 32 4
278 85 1
279 85 2
280 35 4
281 59 7
282 86 0
283 86 1
284 32 0
285 86 2
286 87 0
287 24 0
288 60 8
289 58 14
290 87 1
291 87 2
292 60 9
293 61 10
294 88 0
295 88 1
296 42 1
297 29 0
298 53 6
299 88 2
300 64 7
301 89 0
302 55 3
303 33 0
304 56 4
305 65 8
306 65 9
307 89 1
308 37 1
309 56 5
310 89 2
311 66 10
312 90 0
313 90 1
314 20 5
315 18 0
316 20 6
317 69 7
318 90 2
319 56 6
320 91 0
321 34 7
322 91 1
323 63 11
324 58 3
325 59 4
326 64 12
327 70 8
328 64 13
329 64 14
330 25 9
331 91 2
332 92 0
333 59 5
334 69 11
335 92 1
336 92 2
337 93 0
338 70 9
339 93 1
340 59 6
341 61 3
342 93 2
343 47 0
344 29 1
345 62 4
346 94 0
347 62 5
348 62 6
349 48 0
350 49 0
351 43 1
352 94 1
353 50 0
354 64 3
355 39 1
356 65 4
357 71 10
358 51 0
359 94 2
360 70 12
361 74 7
362 52 0
363 53 0
364 65 5
365 95 0
366 54 0
367 55 0
368 65 6
369 70 13
370 70 14
371 95 1
372 56 0
373 57 0
374 95 2
375 58 0
376 59 0
377 67 3
378 96 0
379 60 0
380 61 0
381 96 1
382 62 0
383 63 0
384 68 4
385 96 2
386 68 5
387 75 8
388 68 6
389 64 0
390 65 0
391 97 0
392 66 0
393 75 9
394 67 0
395 70 3
396 97 1
397 30 9
398 71 4
399 75 11
400 71 5
401 68 0
402 69 0
403 97 2
404 70 0
405 1 0
406 2 4
407 10 13
408 5 6
409 8 4
410 76 12
411 71 0
412 7 0
413 9 2
414 5 8
415 17 2
416 98 0
417 71 6
418 14 1
419 9 7
420 16 0
421 9 1
422 10 8
423 10 0
424 10 3
425 72 0
426 11 6
427 17 1
428 15 8
429 34 2
430 20 1
431 20 0
432 21 1
433 21 11
434 73 0
435 40 1
436 98 1
437 25 3
438 21 10
439 21 0
440 21 2
441 73 3
442 74 0
443 75 0
444 76 13
445 76 10
446 15 1
447 41 0
448 24 2
449 27 2
450 29 2
451 44 2
452 26 2
453 44 1
454 79 7
455 26 1
456 98 2
457 76 0
458 77 0
459 99 0
460 14 7
461 99 1
462 80 8
463 13 2
464 99 2
465 30 1
466 28 2
467 100 0
468 29 6
469 74 4
470 30 2
471 32 5
472 34 13
473 33 1
474 29 4
475 30 8
476 28 12
477 29 5
478 32 2
479 28 14
480 36 2
481 22 1
482 34 12
483 80 9
484 31 2
485 100 1
486 35 2
487 41 1
488 34 1
489 100 2
490 101 0
491 101 1
492 101 2
493 102 0
494 31 10
495 46 2
496 102 1
497 102 2
498 45 2
499 103 0
500 103 1
501 74 5
502 74 6
503 76 14
504 81 10
505 27 0
506 38 2
507 103 2
508 104 0
509 104 1
510 104 2
511 105 0
512 28 0
513 105 1
514 105 2
515 28 1
516 106 0
517 106 1
518 76 3
519 81 11
520 82 12
521 77 4
522 82 13
523 106 2
524 77 5
525 34 14
526 84 7
527 107 0
528 36 1
529 85 8
530 77 6
531 79 3
532 29 7
533 80 4
534 107 1
535 107 2
536 108 0
537 82 14
538 80 5
539 80 6
540 40 2
541 108 1
542 82 3
543 108 2
544 87 11
545 83 4
546 109 0
547 109 1
548 109 2
549 110 0
550 110 1
551 39 0
552 110 2
553 85 9
554 83 5
555 111 0
556 83 6
557 38 1
558 111 1
559 88 12
560 88 13
561 85 3
562 111 2
563 112 0
564 112 1
565 46 0
566 86 4
567 112 2
568 113 0
569 113 1
570 35 9
571 35 6
572 113 2
573 114 0
574 86 5
575 114 1
576 114 2
577 115 0
578 115 1
579 115 2
580 116 0
581 19 3
582 116 1
583 86 10
584 46 1
585 116 2
586 117 0
587 86 6
588 89 7
589 88 3
590 117 1
591 117 2
592 89 4
593 88 14
594 118 0
595 118 1
596 118 2
597 89 5
598 89 6
599 90 8
600 90 9
601 119 0
602 119 1
603 119 2
604 91 3
605 120 0
606 120 1
