// The next line is the dfg name
random3_4type_invdelay
// The next lines are FU parameters given as:
// <FU type>  <resource constraint>  <# of FUs used>  <FU delay>
ADD 7 7 1
MUL 7 7 3
DIV 7 7 5
SQRT 7 7 6
actual latency 75
0 1 21
1 8 7
2 11 7
3 14 7
4 14 0
5 14 1
6 17 7
7 15 13
8 20 0
9 20 2
10 21 17
11 21 23
12 21 1
13 22 20
14 22 0
15 26 1
16 26 6
17 26 7
18 30 26
19 26 5
20 26 4
21 26 22
22 26 0
23 27 3
24 29 1
25 27 4
26 27 1
27 27 14
28 30 27
29 28 0
30 31 2
31 30 0
32 28 4
33 28 5
34 31 17
35 29 7
36 29 8
37 29 0
38 29 5
39 32 1
40 32 3
41 32 0
42 32 7
43 32 2
44 27 2
45 11 6
46 27 13
47 35 0
48 33 23
49 33 5
50 33 3
51 32 14
52 30 1
53 32 20
54 31 0
55 28 6
56 41 12
57 33 13
58 33 1
59 33 4
60 34 15
61 35 24
62 35 9
63 33 2
64 35 8
65 33 0
66 36 17
67 36 1
68 36 2
69 36 13
70 36 26
71 38 10
72 36 0
73 36 3
74 40 16
75 41 6
76 39 1
77 38 0
78 39 2
79 21 2
80 30 3
81 42 0
82 42 13
83 42 14
84 42 1
85 42 20
86 35 7
87 35 1
88 34 1
89 41 9
90 22 3
91 22 4
92 37 1
93 39 3
94 36 27
95 32 6
96 29 11
97 37 3
98 37 2
99 37 4
100 37 5
101 37 14
102 38 7
103 37 6
104 37 0
105 38 5
106 39 4
107 38 11
108 39 5
109 39 6
110 38 1
111 40 1
112 40 2
113 21 3
114 43 21
115 43 1
116 44 7
117 44 15
118 44 22
119 43 0
120 45 16
121 44 9
122 41 24
123 38 8
124 38 6
125 41 10
126 40 3
127 40 4
128 40 5
129 41 11
130 41 7
131 41 17
132 41 8
133 41 1
134 41 2
135 41 3
136 41 4
137 41 5
138 41 0
139 44 8
140 34 2
141 53 0
142 47 1
143 47 2
144 47 3
145 47 4
146 46 1
147 44 1
148 44 2
149 44 3
150 46 17
151 44 4
152 44 5
153 44 6
154 46 18
155 46 19
156 35 16
157 39 15
158 39 13
159 45 1
160 45 2
161 38 2
162 38 9
163 38 3
164 38 4
165 31 21
166 31 18
167 30 4
168 31 19
169 30 5
170 30 6
171 32 22
172 31 1
173 29 9
174 44 10
175 42 5
176 34 3
177 35 11
178 35 25
179 35 12
180 34 4
181 34 5
182 38 12
183 37 21
184 34 6
185 42 2
186 42 26
187 44 12
188 45 13
189 42 27
190 42 3
191 42 4
192 47 7
193 47 8
194 32 4
195 32 5
196 29 12
197 44 11
198 1 7
199 4 1
200 4 0
201 4 15
202 4 4
203 4 6
204 4 3
205 4 2
206 4 5
207 13 3
208 5 16
209 5 2
210 5 6
211 5 0
212 5 5
213 5 9
214 5 4
215 6 3
216 5 11
217 5 12
218 5 8
219 40 6
220 5 25
221 5 1
222 12 14
223 12 20
224 8 11
225 8 3
226 6 4
227 7 2
228 9 6
229 8 9
230 45 3
231 7 6
232 10 16
233 12 26
234 5 3
235 13 21
236 45 4
237 17 6
238 8 6
239 45 5
240 11 4
241 6 6
242 6 5
243 6 17
244 45 6
245 6 18
246 46 2
247 6 19
248 6 13
249 6 0
250 46 3
251 6 1
252 7 21
253 8 22
254 7 20
255 17 14
256 9 23
257 46 4
258 46 5
259 6 26
260 6 27
261 46 6
262 47 5
263 15 23
264 6 2
265 18 26
266 30 13
267 47 6
268 48 1
269 47 9
270 7 4
271 48 2
272 48 3
273 7 0
274 8 1
275 11 25
276 8 10
277 12 1
278 12 3
279 48 4
280 48 5
281 17 20
282 7 3
283 7 1
284 47 10
285 48 6
286 18 27
287 13 1
288 11 24
289 19 15
290 12 4
291 49 1
292 49 2
293 49 3
294 49 4
295 49 5
296 47 11
297 49 6
298 5 24
299 50 1
300 11 12
301 19 21
302 47 12
303 8 12
304 8 2
305 7 5
306 48 13
307 20 16
308 50 2
309 20 22
310 50 3
311 23 24
312 50 4
313 24 15
314 50 5
315 50 6
316 51 1
317 51 2
318 51 3
319 51 4
320 50 7
321 51 5
322 25 16
323 51 6
324 11 1
325 52 1
326 26 17
327 52 2
328 26 18
329 52 3
330 52 4
331 52 5
332 17 3
333 16 5
334 50 8
335 23 25
336 50 9
337 26 19
338 52 6
339 36 18
340 24 26
341 14 22
342 53 1
343 13 6
344 50 10
345 36 19
346 50 11
347 53 2
348 53 3
349 47 14
350 53 4
351 53 5
352 15 16
353 53 6
354 54 0
355 54 1
356 24 27
357 54 2
358 50 12
359 54 3
360 51 13
361 54 4
362 54 5
363 47 20
364 12 0
365 54 6
366 53 7
367 55 0
368 53 8
369 49 15
370 25 21
371 53 9
372 53 10
373 38 22
374 50 16
375 11 19
376 51 17
377 55 1
378 55 2
379 55 3
380 16 17
381 13 4
382 51 18
383 51 19
384 55 4
385 53 11
386 53 12
387 39 23
388 54 13
389 56 7
390 56 8
391 55 5
392 55 6
393 56 0
394 20 3
395 56 1
396 56 2
397 52 14
398 56 9
399 56 10
400 56 3
401 52 20
402 56 11
403 56 4
404 1 1
405 2 0
406 2 14
407 2 22
408 2 9
409 5 10
410 41 25
411 7 14
412 3 23
413 11 9
414 9 3
415 9 5
416 56 5
417 9 15
418 56 6
419 8 4
420 9 2
421 56 12
422 14 3
423 16 3
424 14 5
425 57 13
426 14 6
427 57 0
428 14 4
429 54 15
430 45 23
431 57 1
432 15 2
433 57 2
434 57 3
435 16 4
436 21 13
437 3 0
438 14 2
439 16 0
440 57 4
441 15 5
442 16 6
443 26 9
444 57 5
445 47 24
446 59 7
447 17 0
448 55 16
449 18 0
450 18 2
451 18 6
452 57 6
453 59 8
454 58 0
455 58 1
456 21 18
457 58 2
458 58 3
459 20 7
460 20 10
461 19 3
462 59 9
463 58 4
464 58 5
465 15 1
466 15 4
467 58 6
468 59 0
469 44 0
470 59 1
471 59 10
472 9 4
473 39 0
474 9 1
475 10 4
476 12 6
477 10 6
478 16 2
479 47 25
480 23 7
481 48 26
482 23 8
483 59 11
484 59 2
485 23 9
486 23 4
487 59 3
488 27 23
489 45 0
490 48 27
491 26 3
492 41 19
493 59 12
494 49 21
495 18 1
496 40 0
497 60 13
498 62 7
499 59 4
500 56 17
501 10 3
502 34 0
503 59 5
504 62 8
505 17 24
506 46 0
507 50 22
508 62 9
509 47 0
510 35 6
511 32 8
512 31 6
513 56 18
514 59 6
515 60 0
516 51 23
517 56 19
518 23 2
519 60 1
520 57 14
521 48 0
522 62 10
523 23 0
524 60 2
525 17 2
526 57 20
527 17 8
528 59 15
529 60 3
530 24 0
531 49 0
532 60 16
533 60 4
534 24 13
535 62 11
536 26 8
537 61 17
538 62 12
539 24 2
540 63 13
541 60 5
542 53 24
543 60 6
544 50 0
545 61 0
546 65 7
547 33 6
548 61 1
549 51 0
550 61 2
551 65 8
552 53 25
553 61 3
554 65 9
555 61 4
556 52 0
557 17 1
558 61 5
559 32 9
560 43 5
561 26 12
562 26 11
563 61 18
564 26 10
565 26 2
566 43 6
567 25 5
568 36 5
569 36 6
570 31 5
571 41 18
572 54 26
573 43 2
574 43 3
575 43 4
576 27 20
577 61 6
578 54 27
579 55 21
580 62 0
581 61 19
582 62 14
583 25 4
584 25 3
585 32 11
586 25 6
587 32 10
588 62 20
589 25 1
590 62 1
591 62 2
592 65 10
593 36 4
594 62 3
595 62 4
596 65 11
597 62 5
598 56 22
599 62 6
600 63 0
601 63 1
602 63 2
603 64 15
604 1 0
605 2 8
606 5 7
607 8 5
608 8 0
609 11 18
610 10 5
611 63 3
612 9 0
613 9 13
614 18 3
615 11 8
616 63 4
617 10 1
618 10 2
619 14 10
620 10 0
621 17 4
622 12 13
623 11 11
624 63 5
625 15 3
626 17 10
627 15 0
628 63 6
629 64 0
630 64 1
631 64 2
632 17 9
633 8 8
634 65 12
635 65 16
636 64 3
637 14 9
638 14 15
639 25 0
640 20 8
641 19 6
642 19 0
643 19 2
644 19 1
645 20 9
646 19 5
647 20 1
648 64 4
649 21 6
650 20 6
651 20 11
652 20 5
653 11 3
654 11 17
655 66 17
656 11 0
657 57 23
658 11 5
659 13 2
660 11 10
661 66 13
662 64 5
663 21 0
664 66 18
665 64 6
666 22 2
667 22 1
668 65 0
669 65 1
670 68 7
671 22 6
672 22 5
673 23 10
674 22 14
675 68 8
676 65 2
677 14 8
678 14 11
679 68 9
680 68 10
681 15 6
682 65 3
683 65 4
684 18 13
685 11 2
686 27 5
687 31 3
688 27 6
689 27 0
690 29 24
691 31 4
692 59 24
693 23 3
694 35 3
695 28 2
696 68 11
697 65 5
698 65 6
699 66 0
700 20 4
701 66 1
702 66 2
703 59 25
704 66 3
705 60 26
706 16 18
707 21 5
708 60 27
709 29 2
710 66 4
711 66 5
712 16 1
713 61 21
714 66 6
715 68 12
716 66 19
717 67 0
718 21 4
719 67 14
720 67 20
721 67 1
722 67 2
723 67 3
724 32 12
725 67 4
726 24 1
727 67 5
728 69 15
729 25 2
730 67 6
731 16 19
732 17 12
733 68 0
734 21 19
735 17 5
736 68 1
737 68 2
738 68 3
739 62 22
740 68 4
741 29 15
742 28 3
743 29 10
744 28 1
745 29 25
746 37 20
747 29 4
748 30 16
749 29 6
750 30 2
751 29 3
752 35 5
753 35 4
754 35 10
755 63 23
756 68 5
757 65 24
758 68 6
759 65 25
760 12 5
761 69 0
762 12 27
763 69 1
764 12 2
765 69 2
766 17 11
767 13 5
768 69 3
769 23 1
770 23 12
771 69 4
772 69 5
773 23 11
774 23 6
775 70 16
776 23 5
777 71 17
778 66 26
779 42 6
780 66 27
781 24 4
782 24 5
783 24 6
784 24 3
785 69 6
786 70 0
787 13 0
788 70 1
789 70 2
790 35 2
791 70 3
792 67 21
793 70 4
794 70 5
795 70 6
796 69 13
797 71 7
798 19 4
799 20 12
800 14 12
801 71 0
802 68 22
803 18 5
804 18 4
805 17 25
