// The next line is the dfg name
random5_4type_invdelay
// The next lines are FU parameters given as:
// <FU type>  <resource constraint>  <# of FUs used>  <FU delay>
ADD 9 9 1
MUL 10 10 3
DIV 10 10 5
SQRT 10 10 6
actual latency 83
0 1 9
1 4 9
2 4 1
3 80 6
4 5 24
5 7 14
6 76 3
7 7 0
8 7 3
9 7 7
10 8 4
11 70 9
12 74 4
13 8 6
14 8 1
15 74 5
16 70 18
17 71 10
18 8 10
19 9 12
20 67 14
21 78 8
22 9 2
23 66 12
24 72 4
25 67 19
26 70 17
27 10 7
28 73 8
29 79 7
30 10 0
31 65 2
32 10 3
33 10 14
34 72 36
35 78 0
36 66 4
37 12 2
38 12 7
39 64 18
40 12 4
41 65 8
42 13 0
43 14 2
44 81 2
45 81 1
46 4 2
47 13 1
48 11 3
49 9 5
50 9 3
51 9 1
52 66 13
53 14 22
54 14 3
55 60 4
56 60 5
57 60 6
58 69 31
59 66 5
60 70 16
61 11 28
62 11 27
63 66 6
64 11 0
65 11 1
66 80 3
67 17 3
68 16 8
69 53 3
70 15 23
71 56 7
72 17 8
73 56 8
74 60 38
75 73 4
76 67 18
77 10 8
78 70 5
79 74 2
80 60 1
81 12 37
82 72 3
83 62 0
84 60 2
85 12 6
86 62 1
87 62 2
88 12 3
89 12 5
90 55 18
91 56 10
92 12 19
93 62 3
94 13 15
95 13 17
96 70 4
97 60 7
98 13 18
99 13 3
100 13 8
101 18 0
102 18 8
103 18 37
104 18 1
105 46 18
106 18 2
107 62 4
108 62 5
109 12 0
110 12 38
111 19 1
112 19 21
113 19 29
114 19 9
115 57 11
116 62 6
117 10 23
118 70 6
119 70 7
120 65 34
121 70 8
122 65 35
123 71 4
124 61 0
125 14 21
126 60 36
127 14 30
128 54 1
129 54 2
130 19 22
131 19 2
132 46 14
133 20 0
134 20 8
135 20 1
136 20 3
137 20 23
138 20 2
139 46 15
140 54 22
141 53 7
142 17 5
143 18 38
144 22 18
145 21 2
146 21 4
147 22 17
148 21 5
149 46 3
150 21 31
151 21 6
152 45 12
153 58 16
154 71 1
155 79 0
156 5 25
157 5 3
158 80 7
159 5 4
160 73 0
161 61 1
162 66 11
163 81 9
164 46 16
165 73 1
166 45 6
167 15 4
168 22 5
169 22 6
170 22 14
171 22 4
172 22 7
173 22 8
174 44 7
175 45 25
176 75 1
177 66 36
178 63 11
179 63 12
180 63 13
181 10 6
182 64 9
183 66 37
184 71 5
185 10 5
186 80 0
187 49 5
188 49 6
189 51 5
190 56 4
191 50 30
192 16 28
193 16 16
194 16 7
195 59 34
196 51 31
197 27 5
198 15 25
199 50 1
200 13 6
201 55 9
202 14 6
203 13 4
204 58 20
205 23 7
206 23 8
207 27 6
208 27 7
209 23 3
210 27 8
211 28 8
212 49 17
213 62 7
214 45 26
215 71 0
216 61 2
217 27 13
218 66 7
219 66 8
220 11 5
221 62 19
222 58 17
223 63 20
224 12 13
225 47 10
226 15 26
227 14 10
228 52 16
229 57 1
230 52 17
231 74 0
232 74 1
233 73 2
234 67 1
235 64 21
236 69 8
237 11 34
238 64 22
239 67 2
240 11 35
241 67 3
242 58 18
243 55 23
244 28 17
245 15 13
246 53 35
247 53 8
248 15 6
249 54 3
250 49 18
251 15 24
252 54 4
253 19 3
254 19 4
255 20 24
256 45 13
257 46 4
258 46 5
259 21 27
260 46 6
261 21 32
262 46 7
263 21 28
264 57 0
265 23 35
266 60 24
267 62 8
268 63 0
269 57 12
270 63 1
271 63 2
272 63 3
273 43 20
274 60 37
275 16 5
276 70 0
277 51 6
278 50 25
279 50 26
280 51 7
281 16 17
282 51 8
283 57 2
284 61 9
285 52 18
286 57 3
287 57 4
288 53 10
289 57 5
290 15 8
291 57 31
292 47 19
293 49 8
294 50 2
295 50 10
296 54 5
297 54 6
298 54 36
299 1 29
300 7 19
301 12 11
302 15 31
303 21 11
304 21 0
305 46 2
306 12 36
307 47 1
308 7 4
309 18 11
310 21 1
311 22 9
312 22 1
313 22 15
314 22 33
315 22 19
316 44 8
317 22 0
318 23 10
319 24 21
320 24 2
321 24 38
322 24 22
323 24 37
324 24 3
325 24 5
326 24 0
327 24 6
328 25 3
329 25 1
330 25 9
331 25 0
332 25 4
333 26 30
334 27 31
335 25 5
336 23 20
337 23 4
338 23 6
339 23 0
340 54 7
341 28 9
342 28 33
343 28 3
344 34 9
345 26 1
346 26 10
347 42 37
348 26 27
349 27 32
350 26 0
351 26 3
352 26 4
353 25 2
354 25 15
355 24 36
356 24 1
357 26 28
358 24 12
359 25 23
360 24 4
361 24 7
362 29 2
363 29 0
364 29 34
365 29 3
366 29 1
367 29 10
368 29 21
369 36 37
370 25 14
371 25 26
372 42 38
373 25 24
374 25 29
375 34 3
376 34 15
377 34 0
378 34 4
379 34 16
380 34 1
381 34 17
382 34 21
383 34 8
384 35 8
385 32 19
386 30 3
387 10 24
388 28 18
389 31 14
390 40 17
391 40 1
392 37 29
393 27 11
394 40 2
395 31 15
396 29 4
397 30 13
398 29 5
399 29 6
400 30 4
401 30 5
402 30 6
403 40 15
404 30 12
405 30 37
406 30 2
407 30 7
408 35 0
409 25 6
410 31 0
411 30 8
412 30 36
413 30 0
414 30 24
415 31 4
416 31 9
417 31 29
418 31 5
419 39 5
420 30 38
421 39 6
422 40 16
423 27 0
424 27 1
425 27 2
426 27 3
427 35 7
428 26 2
429 25 16
430 33 0
431 34 14
432 43 9
433 39 2
434 39 3
435 39 21
436 42 36
437 39 7
438 39 8
439 30 1
440 31 1
441 34 2
442 34 18
443 40 0
444 35 10
445 36 11
446 36 12
447 32 10
448 37 14
449 32 0
450 32 1
451 35 23
452 37 17
453 32 2
454 37 18
455 32 3
456 33 11
457 32 30
458 35 1
459 25 17
460 28 15
461 36 38
462 28 14
463 39 31
464 39 32
465 40 33
466 28 4
467 31 28
468 33 32
469 31 3
470 31 16
471 31 2
472 37 0
473 38 30
474 37 1
475 35 2
476 31 6
477 31 7
478 31 8
479 39 4
480 31 17
481 36 1
482 36 2
483 36 3
484 36 4
485 36 5
486 36 6
487 36 7
488 36 0
489 36 8
490 25 7
491 33 31
492 33 8
493 35 34
494 31 18
495 32 4
496 35 24
497 35 25
498 32 5
499 39 12
500 32 6
501 39 13
502 32 7
503 30 11
504 38 10
505 39 11
506 38 0
507 38 1
508 38 2
509 38 3
510 38 4
511 38 5
512 38 20
513 56 5
514 59 35
515 41 34
516 57 6
517 57 7
518 37 2
519 39 22
520 28 0
521 40 23
522 28 1
523 40 24
524 40 25
525 28 20
526 28 5
527 28 2
528 35 3
529 35 4
530 35 5
531 37 15
532 37 16
533 35 6
534 29 7
535 29 35
536 29 8
537 40 3
538 29 22
539 40 4
540 40 5
541 40 6
542 40 7
543 36 36
544 38 6
545 38 7
546 38 8
547 36 13
548 39 0
549 39 1
550 26 5
551 26 6
552 43 0
553 28 16
554 41 35
555 28 6
556 28 7
557 40 8
558 30 25
559 41 0
560 34 33
561 41 1
562 41 2
563 41 3
564 32 8
565 35 26
566 40 9
567 37 3
568 37 4
569 37 9
570 37 5
571 37 6
572 37 7
573 37 8
574 37 19
575 36 27
576 34 5
577 36 28
578 34 6
579 34 7
580 40 14
581 47 0
582 33 1
583 33 2
584 33 20
585 33 3
586 33 4
587 33 12
588 33 13
589 33 5
590 34 22
591 33 6
592 33 7
593 30 26
594 41 4
595 41 5
596 41 6
597 35 35
598 1 1
599 2 11
600 5 10
601 10 17
602 8 20
603 74 6
604 8 30
605 9 21
606 73 20
607 8 0
608 74 3
609 9 22
610 14 1
611 79 6
612 5 1
613 14 0
614 9 11
615 10 25
616 9 31
617 53 4
618 55 26
619 13 7
620 12 12
621 13 9
622 52 15
623 15 12
624 17 6
625 53 5
626 16 4
627 15 3
628 57 8
629 15 0
630 78 1
631 15 1
632 6 36
633 6 1
634 6 4
635 6 28
636 6 6
637 6 12
638 6 2
639 6 37
640 6 8
641 16 14
642 16 15
643 17 34
644 51 32
645 52 0
646 7 16
647 70 3
648 7 29
649 7 15
650 78 6
651 54 8
652 15 11
653 15 2
654 15 5
655 15 7
656 51 11
657 55 1
658 16 0
659 51 12
660 51 13
661 52 9
662 55 24
663 16 1
664 55 2
665 52 14
666 17 2
667 10 2
668 54 37
669 55 3
670 16 9
671 55 4
672 55 5
673 61 29
674 67 4
675 11 10
676 65 23
677 67 5
678 59 10
679 70 26
680 11 6
681 72 11
682 55 14
683 13 2
684 61 27
685 13 20
686 17 4
687 52 1
688 17 1
689 17 19
690 17 7
691 68 20
692 52 2
693 16 6
694 79 2
695 63 4
696 65 7
697 14 4
698 63 5
699 14 5
700 63 6
701 63 7
702 63 8
703 52 3
704 52 4
705 17 0
706 66 1
707 52 5
708 51 27
709 16 33
710 52 6
711 16 27
712 16 3
713 46 27
714 18 12
715 18 20
716 18 6
717 48 7
718 48 8
719 18 13
720 18 4
721 46 28
722 7 8
723 22 3
724 10 18
725 65 3
726 19 5
727 19 6
728 19 14
729 19 7
730 19 15
731 19 8
732 47 6
733 22 2
734 48 20
735 48 11
736 16 2
737 16 18
738 52 7
739 17 35
740 49 7
741 52 8
742 49 15
743 66 0
744 41 28
745 45 0
746 45 1
747 43 17
748 45 2
749 43 16
750 45 3
751 43 18
752 41 27
753 42 19
754 44 10
755 47 34
756 45 11
757 47 35
758 25 18
759 47 7
760 47 8
761 49 1
762 49 2
763 49 3
764 18 5
765 18 3
766 78 2
767 70 33
768 55 6
769 50 3
770 48 37
771 67 0
772 59 21
773 18 7
774 50 4
775 20 26
776 48 38
777 50 5
778 17 10
779 48 12
780 49 21
781 80 11
782 21 7
783 21 8
784 21 12
785 45 7
786 23 34
787 42 8
788 44 30
789 23 2
790 43 4
791 43 5
792 43 6
793 43 7
794 23 5
795 71 6
796 56 27
797 53 6
798 50 6
799 50 7
800 50 8
801 51 0
802 51 1
803 45 31
804 46 0
805 21 13
806 45 8
807 58 0
808 18 36
809 66 2
810 49 22
811 49 29
812 80 1
813 7 17
814 7 18
815 76 4
816 68 10
817 76 5
818 46 8
819 47 2
820 44 21
821 44 22
822 47 3
823 47 4
824 46 9
825 41 7
826 31 27
827 41 8
828 41 10
829 42 0
830 42 1
831 42 2
832 42 3
833 24 13
834 24 11
835 43 8
836 44 0
837 45 32
838 44 1
839 43 15
840 44 2
841 44 3
842 60 8
843 55 15
844 19 16
845 51 28
846 80 10
847 27 19
848 49 16
849 52 19
850 53 20
851 52 33
852 53 0
853 53 34
854 53 1
855 53 2
856 27 12
857 55 7
858 55 8
859 56 0
860 54 38
861 56 1
862 48 13
863 50 23
864 49 9
865 49 14
866 51 2
867 50 24
868 51 3
869 51 4
870 49 4
871 67 6
872 49 0
873 55 0
874 75 0
875 46 1
876 22 16
877 75 2
878 44 6
879 45 4
880 45 5
881 54 0
882 58 1
883 58 2
884 58 3
885 58 4
886 58 5
887 58 6
888 57 32
889 58 7
890 64 0
891 60 25
892 64 1
893 57 13
894 64 2
895 58 9
896 40 26
897 48 0
898 48 1
899 20 25
900 48 2
901 19 17
902 19 18
903 46 17
904 1 0
905 2 0
906 2 1
907 2 19
908 2 3
909 2 2
910 2 30
911 2 4
912 2 10
913 3 4
914 3 0
915 3 13
916 3 5
917 3 3
918 3 32
919 3 31
920 3 12
921 3 6
922 3 2
923 3 14
924 3 7
925 4 3
926 6 7
927 69 11
928 72 1
929 3 1
930 5 0
931 72 5
932 6 0
933 7 1
934 71 34
935 7 2
936 7 9
937 7 5
938 67 15
939 64 14
940 71 28
941 72 19
942 71 7
943 71 8
944 10 33
945 64 15
946 65 4
947 10 9
948 4 0
949 77 1
950 6 27
951 3 20
952 5 34
953 5 5
954 78 7
955 5 6
956 5 23
957 5 35
958 79 8
959 5 26
960 5 2
961 74 7
962 13 29
963 67 7
964 9 7
965 6 3
966 77 4
967 6 13
968 6 11
969 77 5
970 6 5
971 77 6
972 77 7
973 6 38
974 9 6
975 72 6
976 67 9
977 19 0
978 79 3
979 3 8
980 69 22
981 74 8
982 75 3
983 9 13
984 8 2
985 8 7
986 78 5
987 8 8
988 71 35
989 9 8
990 75 4
991 9 32
992 67 16
993 8 3
994 8 5
995 9 4
996 60 11
997 67 8
998 68 0
999 12 8
1000 61 7
1001 13 16
1002 62 30
1003 65 24
1004 69 7
1005 75 5
1006 69 32
1007 10 15
1008 70 14
1009 79 5
1010 65 5
1011 9 0
1012 64 3
1013 76 1
1014 69 12
1015 69 13
1016 76 6
1017 7 6
1018 76 7
1019 76 8
1020 72 2
1021 75 6
1022 75 7
1023 70 23
1024 77 2
1025 70 24
1026 68 30
1027 66 38
1028 64 16
1029 72 0
1030 10 1
1031 10 4
1032 58 8
1033 59 0
1034 54 11
1035 59 1
1036 80 12
1037 80 2
1038 80 4
1039 10 16
1040 77 0
1041 11 7
1042 11 8
1043 10 26
1044 65 6
1045 67 29
1046 61 8
1047 60 12
1048 11 2
1049 68 1
1050 70 1
1051 68 2
1052 70 15
1053 72 7
1054 72 8
1055 78 9
1056 74 9
1057 81 0
1058 68 3
1059 68 4
1060 63 31
1061 11 4
1062 68 5
1063 60 13
1064 61 14
1065 68 6
1066 61 15
1067 73 5
1068 20 4
1069 20 5
1070 20 10
1071 20 6
1072 20 30
1073 20 7
1074 69 21
1075 44 4
1076 44 5
1077 46 33
1078 23 1
1079 70 2
1080 68 7
1081 61 16
1082 65 10
1083 68 8
1084 65 25
1085 69 0
1086 65 26
1087 69 1
1088 63 32
1089 12 1
1090 64 4
1091 64 5
1092 64 6
1093 60 26
1094 64 7
1095 58 14
1096 64 8
1097 58 15
1098 13 5
1099 14 7
1100 61 3
1101 14 8
1102 61 28
1103 59 22
1104 15 32
1105 55 16
1106 66 28
1107 78 4
1108 71 27
1109 61 17
1110 69 2
1111 66 27
1112 64 33
1113 69 3
1114 61 18
1115 69 4
1116 62 10
1117 56 6
1118 60 23
1119 61 4
1120 61 5
1121 55 17
1122 73 3
1123 59 2
1124 59 3
1125 80 5
1126 48 3
1127 48 4
1128 45 24
1129 48 36
1130 48 5
1131 48 6
1132 21 3
1133 73 6
1134 65 0
1135 65 1
1136 60 3
1137 73 7
1138 75 8
1139 67 17
1140 76 2
1141 69 5
1142 77 3
1143 24 8
1144 25 8
1145 26 7
1146 42 13
1147 43 29
1148 25 25
1149 43 14
1150 26 8
1151 27 4
1152 13 14
1153 66 3
1154 79 4
1155 54 21
1156 55 29
1157 55 25
1158 56 2
1159 56 3
1160 56 30
1161 58 33
1162 47 5
1163 45 23
1164 71 2
1165 61 6
1166 64 17
1167 71 3
1168 69 6
1169 42 11
1170 42 4
1171 42 12
1172 42 5
1173 42 6
1174 42 7
1175 40 18
1176 30 23
1177 59 4
1178 59 5
1179 59 6
1180 59 7
1181 56 28
1182 57 19
1183 54 12
1184 59 8
1185 54 13
1186 60 0
1187 4 21
1188 4 4
1189 4 33
1190 4 15
1191 4 5
1192 4 6
1193 4 7
1194 4 8
1195 5 7
1196 79 1
1197 43 1
1198 43 2
1199 43 3
1200 76 0
1201 70 25
1202 50 0
1203 5 8
1204 77 8
1205 78 3
1206 4 22
1207 4 16
