// The next line is the dfg name
random2_4type_invdelay
// The next lines are FU parameters given as:
// <FU type>  <resource constraint>  <# of FUs used>  <FU delay>
ADD 5 5 1
MUL 6 6 3
DIV 6 6 5
SQRT 6 6 6
actual latency 76
0 1 1
1 2 0
2 2 1
3 3 17
4 3 2
5 3 1
6 3 3
7 3 0
8 4 20
9 4 0
10 4 4
11 9 4
12 9 1
13 4 1
14 4 2
15 4 19
16 9 2
17 5 8
18 5 1
19 5 7
20 58 20
21 5 0
22 5 13
23 5 6
24 5 2
25 6 1
26 6 3
27 6 14
28 9 17
29 6 0
30 5 3
31 7 5
32 10 1
33 11 14
34 6 4
35 11 2
36 11 22
37 11 21
38 11 4
39 11 0
40 11 1
41 9 3
42 11 6
43 17 0
44 4 5
45 10 10
46 58 15
47 58 19
48 66 1
49 65 3
50 65 4
51 9 11
52 22 19
53 18 2
54 18 0
55 57 9
56 4 3
57 17 7
58 19 0
59 19 11
60 19 5
61 19 10
62 10 18
63 56 14
64 17 1
65 17 6
66 17 3
67 17 2
68 58 10
69 20 12
70 67 2
71 18 1
72 5 9
73 63 0
74 12 3
75 16 18
76 63 1
77 52 20
78 22 1
79 13 4
80 60 4
81 58 18
82 63 2
83 12 9
84 63 3
85 63 4
86 12 1
87 64 2
88 12 0
89 17 22
90 64 4
91 7 4
92 17 21
93 64 1
94 57 2
95 60 1
96 20 7
97 60 2
98 20 8
99 21 3
100 13 2
101 13 10
102 13 16
103 58 2
104 18 16
105 15 3
106 16 19
107 15 4
108 16 20
109 64 0
110 66 3
111 7 0
112 7 1
113 8 7
114 10 19
115 7 2
116 10 20
117 10 2
118 10 3
119 58 16
120 17 8
121 50 8
122 47 4
123 30 2
124 53 1
125 53 2
126 48 0
127 11 7
128 48 9
129 49 5
130 48 2
131 31 4
132 48 3
133 48 4
134 45 17
135 49 0
136 67 3
137 56 7
138 56 8
139 22 3
140 53 15
141 49 11
142 16 0
143 16 14
144 16 1
145 16 2
146 18 15
147 14 6
148 13 1
149 13 0
150 62 0
151 54 11
152 55 12
153 62 1
154 12 2
155 14 0
156 14 11
157 14 1
158 14 2
159 14 8
160 8 15
161 49 1
162 67 1
163 56 3
164 58 0
165 58 1
166 23 2
167 23 15
168 23 3
169 23 4
170 23 8
171 54 2
172 54 3
173 54 4
174 23 7
175 53 21
176 53 22
177 23 1
178 57 17
179 53 16
180 60 3
181 14 3
182 47 21
183 67 11
184 49 2
185 48 15
186 14 7
187 46 1
188 46 2
189 26 8
190 45 9
191 46 3
192 46 4
193 61 0
194 17 4
195 18 4
196 19 1
197 19 2
198 19 3
199 19 4
200 51 14
201 8 1
202 8 2
203 8 6
204 8 16
205 1 5
206 4 11
207 9 9
208 66 2
209 4 18
210 64 3
211 10 12
212 10 4
213 65 0
214 15 1
215 15 17
216 15 0
217 15 2
218 15 13
219 68 1
220 21 9
221 57 4
222 24 4
223 25 4
224 24 9
225 24 0
226 24 1
227 24 2
228 49 3
229 49 4
230 50 3
231 25 0
232 25 2
233 25 1
234 25 3
235 46 5
236 27 17
237 26 6
238 33 9
239 16 3
240 69 2
241 26 7
242 16 4
243 30 13
244 36 2
245 36 3
246 35 4
247 29 4
248 69 0
249 25 5
250 25 12
251 47 8
252 20 2
253 20 6
254 29 0
255 21 4
256 22 20
257 23 21
258 22 5
259 22 18
260 22 10
261 23 22
262 67 5
263 51 9
264 30 1
265 52 10
266 23 0
267 23 16
268 52 5
269 70 1
270 70 2
271 70 17
272 70 0
273 13 5
274 25 10
275 50 4
276 71 1
277 30 9
278 61 1
279 36 0
280 31 5
281 33 16
282 61 2
283 55 0
284 30 0
285 53 3
286 53 4
287 24 3
288 24 11
289 51 17
290 55 1
291 44 1
292 40 12
293 40 13
294 44 2
295 44 3
296 43 4
297 29 3
298 44 7
299 44 0
300 41 14
301 31 2
302 37 5
303 31 0
304 31 10
305 31 14
306 35 13
307 31 3
308 31 1
309 35 8
310 34 2
311 20 13
312 61 3
313 61 4
314 16 5
315 66 0
316 16 10
317 36 14
318 32 0
319 32 6
320 32 1
321 33 15
322 32 2
323 33 17
324 32 7
325 32 8
326 47 22
327 46 14
328 46 18
329 46 19
330 25 13
331 51 0
332 51 1
333 49 10
334 46 20
335 51 2
336 51 3
337 51 4
338 26 14
339 47 0
340 46 10
341 47 6
342 47 1
343 47 2
344 28 3
345 40 10
346 40 2
347 41 6
348 38 6
349 38 1
350 38 2
351 38 0
352 38 3
353 38 4
354 38 7
355 71 0
356 71 5
357 71 14
358 71 2
359 71 3
360 71 18
361 71 15
362 71 4
363 72 4
364 29 6
365 36 4
366 37 0
367 37 1
368 29 7
369 29 21
370 29 22
371 37 2
372 50 0
373 50 1
374 50 2
375 54 0
376 22 4
377 15 9
378 32 3
379 32 4
380 33 1
381 33 2
382 33 3
383 33 4
384 35 6
385 35 1
386 35 7
387 43 16
388 69 7
389 30 3
390 67 0
391 40 3
392 40 4
393 38 15
394 41 0
395 41 7
396 41 1
397 38 16
398 41 8
399 40 19
400 72 7
401 72 0
402 72 1
403 72 2
404 72 3
405 1 0
406 2 6
407 5 22
408 5 10
409 8 8
410 5 21
411 8 4
412 66 4
413 5 4
414 5 12
415 6 2
416 7 3
417 11 8
418 68 0
419 67 12
420 11 3
421 8 0
422 10 13
423 10 0
424 10 5
425 65 1
426 59 6
427 12 4
428 15 12
429 21 2
430 20 1
431 20 0
432 20 3
433 21 17
434 58 3
435 57 3
436 58 4
437 23 6
438 21 14
439 21 0
440 20 4
441 54 9
442 59 0
443 59 1
444 52 18
445 50 12
446 67 4
447 74 2
448 21 1
449 27 1
450 26 2
451 45 3
452 26 1
453 45 4
454 44 11
455 26 0
456 47 3
457 46 0
458 62 2
459 65 2
460 13 15
461 62 3
462 55 13
463 13 3
464 8 3
465 28 1
466 28 4
467 41 2
468 28 10
469 42 9
470 28 2
471 68 6
472 28 20
473 27 2
474 27 9
475 28 15
476 28 18
477 28 5
478 27 3
479 28 19
480 33 0
481 22 0
482 34 18
483 28 16
484 29 1
485 54 1
486 26 4
487 48 1
488 26 3
489 52 0
490 52 1
491 30 4
492 35 2
493 35 3
494 30 12
495 40 0
496 73 1
497 73 2
498 73 0
499 73 3
500 73 4
501 71 6
502 71 8
503 40 20
504 43 15
505 27 0
506 27 4
507 44 4
508 41 3
509 41 4
510 42 0
511 42 1
512 28 0
513 42 2
514 42 3
515 29 2
516 14 4
517 37 3
518 37 10
519 35 21
520 35 22
521 38 8
522 39 17
523 34 3
524 34 10
525 34 19
526 35 12
527 34 4
528 34 0
529 68 13
530 39 9
531 29 8
532 29 11
533 58 5
534 37 4
535 39 1
536 39 2
537 40 18
538 36 9
539 43 5
540 39 4
541 62 4
542 50 6
543 74 0
544 34 20
545 40 5
546 35 0
547 75 0
548 75 1
549 75 2
550 56 4
551 22 2
552 57 0
553 48 16
554 53 7
555 57 1
556 53 8
557 36 1
558 45 0
559 41 21
560 41 22
561 44 8
562 45 1
563 45 2
564 42 4
565 39 3
566 43 10
567 43 0
568 43 1
569 69 1
570 34 11
571 34 5
572 34 1
573 55 2
574 53 6
575 55 3
576 55 4
577 56 0
578 56 1
579 56 2
580 18 3
581 18 9
582 43 2
583 50 13
584 39 0
585 9 0
586 43 3
587 44 6
588 39 11
589 47 7
590 40 1
591 59 2
592 55 5
593 52 19
594 59 3
595 59 4
596 60 0
597 55 10
598 56 6
599 45 12
600 45 13
601 52 2
602 52 3
603 52 4
604 50 7
605 53 0
606 74 1
