// The next line is the dfg name
random6_4type_invdelay
// The next lines are FU parameters given as:
// <FU type>  <resource constraint>  <# of FUs used>  <FU delay>
ADD 5 5 1
MUL 5 5 3
DIV 6 6 5
SQRT 6 6 6
actual latency 217
0 1 0
1 2 0
2 3 6
3 10 3
4 205 7
5 96 4
6 82 4
7 213 6
8 6 2
9 203 0
10 175 12
11 6 3
12 216 0
13 7 5
14 128 0
15 199 7
16 176 10
17 180 0
18 200 0
19 167 20
20 7 3
21 154 1
22 7 2
23 208 4
24 199 5
25 174 11
26 166 13
27 11 21
28 118 7
29 206 4
30 8 17
31 174 6
32 195 2
33 83 21
34 10 5
35 97 3
36 195 3
37 183 6
38 181 5
39 207 0
40 9 4
41 10 8
42 195 4
43 196 1
44 109 8
45 199 8
46 166 14
47 167 21
48 156 14
49 199 9
50 11 2
51 18 6
52 18 4
53 110 12
54 21 15
55 114 3
56 114 4
57 14 17
58 168 3
59 15 4
60 168 4
61 154 4
62 131 13
63 13 9
64 13 1
65 112 3
66 196 5
67 196 2
68 125 2
69 180 2
70 96 2
71 71 2
72 16 13
73 180 3
74 180 4
75 181 4
76 202 7
77 157 3
78 14 1
79 78 4
80 85 4
81 66 10
82 68 17
83 86 1
84 25 9
85 16 10
86 137 4
87 136 7
88 115 0
89 145 9
90 133 7
91 135 3
92 148 5
93 135 4
94 119 19
95 190 3
96 156 15
97 157 16
98 190 4
99 199 3
100 191 0
101 191 1
102 168 2
103 133 9
104 128 2
105 74 11
106 98 17
107 21 3
108 94 8
109 128 3
110 135 6
111 101 20
112 182 1
113 182 2
114 184 9
115 151 15
116 169 0
117 14 4
118 103 7
119 169 1
120 81 15
121 90 4
122 169 2
123 91 2
124 181 7
125 169 3
126 167 4
127 175 5
128 175 7
129 208 1
130 175 8
131 169 4
132 170 0
133 170 1
134 155 2
135 106 0
136 107 0
137 99 11
138 94 5
139 22 9
140 97 0
141 155 0
142 107 1
143 109 16
144 161 0
145 79 11
146 72 2
147 170 2
148 143 21
149 170 3
150 141 15
151 175 9
152 112 4
153 181 3
154 133 16
155 80 4
156 166 8
157 134 17
158 157 4
159 170 4
160 186 0
161 135 18
162 137 19
163 131 14
164 137 20
165 137 21
166 92 2
167 115 1
168 115 2
169 115 3
170 91 15
171 96 13
172 23 3
173 115 4
174 148 7
175 138 0
176 138 1
177 138 2
178 116 15
179 119 11
180 138 3
181 148 8
182 138 4
183 98 0
184 136 4
185 137 2
186 136 1
187 137 3
188 136 2
189 83 3
190 148 2
191 148 3
192 160 7
193 177 6
194 209 2
195 148 9
196 120 12
197 150 6
198 137 0
199 131 15
200 20 4
201 158 0
202 166 9
203 158 1
204 113 21
205 147 0
206 158 2
207 158 3
208 201 6
209 103 8
210 74 17
211 75 18
212 100 3
213 63 6
214 100 4
215 101 2
216 85 12
217 162 0
218 163 16
219 162 1
220 162 2
221 162 3
222 156 1
223 156 2
224 156 6
225 157 5
226 157 7
227 156 0
228 156 3
229 156 4
230 148 4
231 149 0
232 68 4
233 66 13
234 66 14
235 72 4
236 73 0
237 63 18
238 100 7
239 139 0
240 139 1
241 84 2
242 119 20
243 151 5
244 182 3
245 182 4
246 183 1
247 111 10
248 159 18
249 151 7
250 168 1
251 46 14
252 53 20
253 54 3
254 46 15
255 54 4
256 139 2
257 119 21
258 139 3
259 139 4
260 140 0
261 126 2
262 140 1
263 140 2
264 121 16
265 151 16
266 112 8
267 108 3
268 104 11
269 112 9
270 108 4
271 105 12
272 109 0
273 109 1
274 168 6
275 139 16
276 158 4
277 159 0
278 134 11
279 109 2
280 157 0
281 137 1
282 73 1
283 73 2
284 73 3
285 66 15
286 88 5
287 67 16
288 69 11
289 159 1
290 209 4
291 128 4
292 129 0
293 129 1
294 129 2
295 120 6
296 101 3
297 99 18
298 103 9
299 105 6
300 101 19
301 101 4
302 1 16
303 9 11
304 14 0
305 15 6
306 149 1
307 136 15
308 15 3
309 176 13
310 16 8
311 15 18
312 15 0
313 108 0
314 70 4
315 101 21
316 95 20
317 18 0
318 21 0
319 101 1
320 92 4
321 140 3
322 106 2
323 16 14
324 16 0
325 20 17
326 71 4
327 60 4
328 19 0
329 19 2
330 116 0
331 19 16
332 24 11
333 109 3
334 141 0
335 19 5
336 29 1
337 20 0
338 142 0
339 114 6
340 25 1
341 26 0
342 76 9
343 22 0
344 94 3
345 22 5
346 46 13
347 96 3
348 80 1
349 43 3
350 43 4
351 31 7
352 80 17
353 99 1
354 62 17
355 23 0
356 24 6
357 100 0
358 26 17
359 85 8
360 53 19
361 73 4
362 70 12
363 96 10
364 21 6
365 24 2
366 69 1
367 88 7
368 74 0
369 65 19
370 56 15
371 24 0
372 27 18
373 59 11
374 49 11
375 26 13
376 64 8
377 26 1
378 53 3
379 28 5
380 53 21
381 60 6
382 79 7
383 25 0
384 25 3
385 59 4
386 60 1
387 25 16
388 60 12
389 61 4
390 61 10
391 55 1
392 53 4
393 26 10
394 55 2
395 55 3
396 27 6
397 64 9
398 55 4
399 55 16
400 62 0
401 59 20
402 25 2
403 34 9
404 61 1
405 71 1
406 34 11
407 50 12
408 66 6
409 28 9
410 56 0
411 56 17
412 51 13
413 56 1
414 21 2
415 76 14
416 51 10
417 27 2
418 56 2
419 29 11
420 56 3
421 27 1
422 29 19
423 88 0
424 52 8
425 49 2
426 28 8
427 28 1
428 28 2
429 52 9
430 49 3
431 31 13
432 81 3
433 56 4
434 135 2
435 151 8
436 121 10
437 16 3
438 140 4
439 86 15
440 49 1
441 25 4
442 62 1
443 67 5
444 26 4
445 67 7
446 51 14
447 67 8
448 57 0
449 57 1
450 45 18
451 51 15
452 183 2
453 186 6
454 183 3
455 154 11
456 81 1
457 70 0
458 129 3
459 87 6
460 136 8
461 136 9
462 113 3
463 75 12
464 138 6
465 139 5
466 80 2
467 30 0
468 31 4
469 91 16
470 61 0
471 32 3
472 31 16
473 32 4
474 31 14
475 33 0
476 33 1
477 31 0
478 33 2
479 31 8
480 31 5
481 116 1
482 37 5
483 36 0
484 79 8
485 44 1
486 36 1
487 54 6
488 64 0
489 136 5
490 100 12
491 31 1
492 31 10
493 33 3
494 33 4
495 41 14
496 35 20
497 42 6
498 44 2
499 44 3
500 43 5
501 44 4
502 45 0
503 35 21
504 82 5
505 54 1
506 40 12
507 30 12
508 46 1
509 46 9
510 46 2
511 46 3
512 29 21
513 29 0
514 41 4
515 31 9
516 37 1
517 37 0
518 37 2
519 37 3
520 37 4
521 43 7
522 41 21
523 30 1
524 43 8
525 43 1
526 140 17
527 45 1
528 42 0
529 34 7
530 31 15
531 42 1
532 41 10
533 33 18
534 34 8
535 44 0
536 36 15
537 35 3
538 34 5
539 35 4
540 38 3
541 38 4
542 39 4
543 40 0
544 181 0
545 39 11
546 38 1
547 38 2
548 32 17
549 32 0
550 33 6
551 32 1
552 101 0
553 40 7
554 35 0
555 40 1
556 40 2
557 115 5
558 38 0
559 51 0
560 141 1
561 141 2
562 151 9
563 141 3
564 141 4
565 153 6
566 43 9
567 60 0
568 81 10
569 34 0
570 34 1
571 34 2
572 34 3
573 35 12
574 34 4
575 35 1
576 36 6
577 36 10
578 37 16
579 36 2
580 37 7
581 40 5
582 68 0
583 81 0
584 37 8
585 36 3
586 37 9
587 36 4
588 39 6
589 38 17
590 36 13
591 36 14
592 39 0
593 39 1
594 39 18
595 39 2
596 39 3
597 41 19
598 139 7
599 41 20
600 47 19
601 49 4
602 50 0
603 50 1
604 55 7
605 47 20
606 50 2
607 1 10
608 7 7
609 125 4
610 6 0
611 7 16
612 7 8
613 12 4
614 7 0
615 11 15
616 190 2
617 11 14
618 211 8
619 202 8
620 11 3
621 202 9
622 98 3
623 126 6
624 161 20
625 177 3
626 196 3
627 153 3
628 8 0
629 10 9
630 8 1
631 177 4
632 173 21
633 9 0
634 159 2
635 13 3
636 13 0
637 141 18
638 13 4
639 80 12
640 159 3
641 17 21
642 21 4
643 178 4
644 10 0
645 183 4
646 184 0
647 125 3
648 145 7
649 154 0
650 184 1
651 187 7
652 167 1
653 196 4
654 111 3
655 72 3
656 11 19
657 184 2
658 184 3
659 184 4
660 152 17
661 185 1
662 176 15
663 185 2
664 185 3
665 173 20
666 179 11
667 12 0
668 191 2
669 159 11
670 69 4
671 153 4
672 99 2
673 191 3
674 93 1
675 16 4
676 179 1
677 80 3
678 107 4
679 185 4
680 167 2
681 147 4
682 186 1
683 141 14
684 178 7
685 89 3
686 142 1
687 84 3
688 121 13
689 122 17
690 20 3
691 191 4
692 131 19
693 15 12
694 17 20
695 149 2
696 81 4
697 159 4
698 154 2
699 155 20
700 160 0
701 160 1
702 112 1
703 21 14
704 180 6
705 155 3
706 161 1
707 115 7
708 17 3
709 99 3
710 17 0
711 17 2
712 156 10
713 214 2
714 207 3
715 215 0
716 157 8
717 205 2
718 81 13
719 106 5
720 18 1
721 94 7
722 23 19
723 186 2
724 165 6
725 149 3
726 16 15
727 160 8
728 83 4
729 160 9
730 149 4
731 100 5
732 193 9
733 91 14
734 111 6
735 111 13
736 109 4
737 99 4
738 100 1
739 86 17
740 87 18
741 110 0
742 113 4
743 104 17
744 94 9
745 129 4
746 181 1
747 168 0
748 171 3
749 171 4
750 172 0
751 96 14
752 90 0
753 51 6
754 116 2
755 162 6
756 179 3
757 179 4
758 180 1
759 116 3
760 103 16
761 102 1
762 77 21
763 81 14
764 102 2
765 20 12
766 74 1
767 73 9
768 54 0
769 75 6
770 54 2
771 86 0
772 102 3
773 155 1
774 91 5
775 91 1
776 91 0
777 82 0
778 186 3
779 205 1
780 186 4
781 187 8
782 187 0
783 167 3
784 125 1
785 116 17
786 21 13
787 88 3
788 94 4
789 19 7
790 121 5
791 62 2
792 62 3
793 22 7
794 52 5
795 23 4
796 102 4
797 57 2
798 84 0
799 130 12
800 139 8
801 130 0
802 208 5
803 195 6
804 150 0
805 150 1
806 61 3
807 125 12
808 150 2
809 184 5
810 142 2
811 142 3
812 123 18
813 142 4
814 143 0
815 143 1
816 55 5
817 211 5
818 205 4
819 208 3
820 57 3
821 57 18
822 27 4
823 57 4
824 160 2
825 206 2
826 122 0
827 83 19
828 52 7
829 54 11
830 67 9
831 69 6
832 58 0
833 172 1
834 143 2
835 143 3
836 125 19
837 79 3
838 125 20
839 121 14
840 70 3
841 125 21
842 145 8
843 127 16
844 121 15
845 192 0
846 71 3
847 198 0
848 55 8
849 55 0
850 211 0
851 172 2
852 115 16
853 124 5
854 89 0
855 55 9
856 95 0
857 100 8
858 71 21
859 95 1
860 214 0
861 92 17
862 79 9
863 116 4
864 117 0
865 121 7
866 121 8
867 121 9
868 89 19
869 96 15
870 117 1
871 123 6
872 92 0
873 196 0
874 86 10
875 209 0
876 103 1
877 101 13
878 126 0
879 126 10
880 127 5
881 127 7
882 127 0
883 127 1
884 127 8
885 127 9
886 129 11
887 127 2
888 127 3
889 179 2
890 209 1
891 111 14
892 130 1
893 130 2
894 130 3
895 105 18
896 139 9
897 130 4
898 131 0
899 131 1
900 206 1
901 148 0
902 148 1
903 172 3
904 145 16
905 172 4
906 144 11
907 173 0
908 1 5
909 4 0
910 5 0
911 4 8
912 6 1
913 7 1
914 82 2
915 8 2
916 9 3
917 105 1
918 161 21
919 10 12
920 196 7
921 8 4
922 197 0
923 10 7
924 4 11
925 16 5
926 118 9
927 19 1
928 117 2
929 64 7
930 21 18
931 108 1
932 179 19
933 192 1
934 9 1
935 192 2
936 192 6
937 109 7
938 20 1
939 160 3
940 14 3
941 112 2
942 13 2
943 71 15
944 135 12
945 10 1
946 126 1
947 207 4
948 121 0
949 12 3
950 11 20
951 155 4
952 173 1
953 173 2
954 110 1
955 81 18
956 21 10
957 17 1
958 21 1
959 106 7
960 22 8
961 96 1
962 76 5
963 126 13
964 84 11
965 105 2
966 131 20
967 163 5
968 150 3
969 150 4
970 151 0
971 14 2
972 17 19
973 151 1
974 97 16
975 89 11
976 95 2
977 67 0
978 69 3
979 71 14
980 67 1
981 100 9
982 84 1
983 103 0
984 103 5
985 27 3
986 62 4
987 63 0
988 27 0
989 59 21
990 112 0
991 108 2
992 208 7
993 68 1
994 185 0
995 107 19
996 106 3
997 79 4
998 15 2
999 107 3
1000 92 1
1001 124 11
1002 126 3
1003 143 4
1004 144 0
1005 18 2
1006 187 1
1007 187 2
1008 187 3
1009 184 8
1010 156 13
1011 153 18
1012 97 1
1013 28 7
1014 46 0
1015 59 19
1016 58 1
1017 58 2
1018 55 12
1019 28 4
1020 58 3
1021 131 2
1022 187 9
1023 187 4
1024 166 15
1025 166 5
1026 147 3
1027 169 11
1028 211 2
1029 93 0
1030 74 2
1031 74 3
1032 69 0
1033 74 4
1034 88 8
1035 75 0
1036 75 1
1037 75 2
1038 71 10
1039 19 11
1040 16 2
1041 107 20
1042 133 8
1043 131 3
1044 141 6
1045 107 21
1046 93 4
1047 98 2
1048 95 3
1049 95 4
1050 73 16
1051 61 8
1052 88 4
1053 102 6
1054 96 0
1055 50 3
1056 50 4
1057 47 21
1058 57 6
1059 51 1
1060 151 2
1061 126 14
1062 163 7
1063 151 3
1064 110 17
1065 111 15
1066 131 4
1067 142 5
1068 160 4
1069 161 2
1070 141 13
1071 13 7
1072 161 3
1073 169 5
1074 161 4
1075 189 6
1076 147 6
1077 113 0
1078 117 3
1079 124 7
1080 117 4
1081 118 0
1082 124 8
1083 118 1
1084 124 9
1085 118 2
1086 212 0
1087 89 1
1088 118 3
1089 118 4
1090 119 0
1091 18 3
1092 132 0
1093 65 20
1094 75 3
1095 75 4
1096 26 3
1097 29 20
1098 65 21
1099 76 0
1100 76 1
1101 142 7
1102 114 11
1103 58 5
1104 24 3
1105 24 4
1106 51 2
1107 24 1
1108 58 7
1109 49 16
1110 58 8
1111 44 11
1112 114 0
1113 110 2
1114 151 4
1115 71 20
1116 115 8
1117 90 12
1118 76 15
1119 110 3
1120 110 4
1121 111 0
1122 83 20
1123 91 10
1124 48 6
1125 46 4
1126 25 5
1127 49 5
1128 47 0
1129 47 1
1130 26 14
1131 47 2
1132 112 5
1133 63 1
1134 26 2
1135 63 2
1136 63 3
1137 63 4
1138 81 6
1139 83 0
1140 28 0
1141 187 5
1142 162 4
1143 61 13
1144 65 1
1145 82 7
1146 61 16
1147 61 14
1148 65 2
1149 94 0
1150 94 1
1151 97 5
1152 94 11
1153 94 2
1154 95 12
1155 35 2
1156 42 2
1157 40 9
1158 42 3
1159 42 4
1160 35 19
1161 41 13
1162 109 11
1163 136 3
1164 82 8
1165 85 16
1166 190 0
1167 40 3
1168 40 4
1169 41 0
1170 41 1
1171 41 2
1172 40 8
1173 41 3
1174 77 0
1175 77 1
1176 78 6
1177 64 11
1178 65 3
1179 65 4
1180 82 9
1181 66 0
1182 66 1
1183 66 2
1184 66 3
1185 81 2
1186 84 6
1187 29 2
1188 29 3
1189 29 4
1190 30 2
1191 30 3
1192 30 4
1193 30 6
1194 31 2
1195 31 3
1196 205 9
1197 132 1
1198 132 2
1199 111 18
1200 132 3
1201 70 5
1202 56 10
1203 58 4
1204 56 13
1205 59 0
1206 70 7
1207 56 14
1208 59 1
1209 1 2
1210 2 1
1211 3 0
1212 3 18
1213 3 1
1214 172 9
1215 4 2
1216 4 9
1217 166 7
1218 6 6
1219 208 2
1220 195 1
1221 210 3
1222 4 3
1223 4 1
1224 214 8
1225 4 5
1226 4 4
1227 130 8
1228 3 2
1229 214 5
1230 172 8
1231 109 5
1232 210 4
1233 5 20
1234 204 3
1235 204 6
1236 4 7
1237 12 1
1238 98 1
1239 5 4
1240 5 12
1241 5 1
1242 72 1
1243 204 4
1244 107 2
1245 5 19
1246 208 8
1247 80 0
1248 98 4
1249 175 0
1250 6 4
1251 5 2
1252 6 13
1253 189 3
1254 7 9
1255 200 1
1256 9 18
1257 7 4
1258 170 12
1259 132 6
1260 5 21
1261 203 1
1262 90 3
1263 190 1
1264 6 14
1265 6 10
1266 214 7
1267 5 3
1268 85 3
1269 217 2
1270 169 16
1271 206 3
1272 173 3
1273 145 12
1274 97 2
1275 173 4
1276 174 0
1277 6 15
1278 106 1
1279 203 2
1280 12 2
1281 95 19
1282 178 1
1283 11 10
1284 164 17
1285 203 3
1286 91 4
1287 203 4
1288 116 14
1289 127 4
1290 152 0
1291 176 17
1292 171 10
1293 200 2
1294 200 3
1295 200 4
1296 105 3
1297 93 3
1298 217 0
1299 16 9
1300 207 6
1301 154 3
1302 201 0
1303 201 1
1304 177 18
1305 201 2
1306 13 8
1307 212 1
1308 182 0
1309 207 2
1310 197 1
1311 166 10
1312 196 8
1313 197 2
1314 163 1
1315 210 2
1316 201 3
1317 171 18
1318 189 4
1319 201 4
1320 208 9
1321 176 14
1322 155 12
1323 15 1
1324 146 10
1325 174 1
1326 135 0
1327 211 7
1328 202 0
1329 202 1
1330 129 18
1331 209 3
1332 211 9
1333 202 2
1334 128 1
1335 105 4
1336 89 2
1337 205 5
1338 113 20
1339 136 10
1340 205 8
1341 171 15
1342 171 13
1343 202 3
1344 202 4
1345 97 4
1346 196 9
1347 2 2
1348 161 14
1349 207 1
1350 208 0
1351 174 2
1352 146 17
1353 173 19
1354 144 1
1355 144 2
1356 16 1
1357 128 17
1358 197 3
1359 192 3
1360 114 1
1361 132 4
1362 133 0
1363 79 1
1364 133 1
1365 133 2
1366 17 4
1367 95 21
1368 129 6
1369 65 12
1370 119 1
1371 101 14
1372 119 2
1373 119 3
1374 101 15
1375 183 0
1376 84 4
1377 144 3
1378 154 5
1379 144 4
1380 85 0
1381 213 2
1382 197 4
1383 112 7
1384 165 18
1385 198 1
1386 198 2
1387 161 15
1388 115 12
1389 214 1
1390 217 1
1391 210 0
1392 119 4
1393 89 20
1394 120 0
1395 120 1
1396 120 2
1397 85 9
1398 120 3
1399 120 4
1400 121 2
1401 152 1
1402 126 15
1403 152 2
1404 163 8
1405 152 3
1406 147 1
1407 143 19
1408 163 2
1409 163 3
1410 163 4
1411 164 0
1412 164 1
1413 164 2
1414 171 14
1415 198 3
1416 175 16
1417 178 2
1418 198 4
1419 164 11
1420 165 12
1421 212 2
1422 199 0
1423 199 1
1424 145 0
1425 198 6
1426 121 3
1427 155 21
1428 204 0
1429 204 1
1430 170 17
1431 204 2
1432 211 3
1433 214 3
1434 213 0
1435 161 10
1436 147 18
1437 106 10
1438 174 3
1439 89 4
1440 188 0
1441 188 1
1442 155 19
1443 199 2
1444 193 5
1445 158 17
1446 192 4
1447 193 0
1448 193 1
1449 179 0
1450 167 19
1451 2 3
1452 181 2
1453 181 10
1454 146 13
1455 146 14
1456 174 4
1457 146 15
1458 150 12
1459 175 1
1460 151 10
1461 177 0
1462 178 5
1463 178 0
1464 171 0
1465 171 1
1466 171 6
1467 171 2
1468 121 4
1469 113 1
1470 178 8
1471 175 2
1472 149 19
1473 175 3
1474 175 4
1475 91 3
1476 149 20
1477 176 0
1478 152 4
1479 88 9
1480 90 6
1481 76 2
1482 76 3
1483 71 19
1484 76 4
1485 77 2
1486 77 3
1487 77 4
1488 190 5
1489 136 0
1490 164 3
1491 169 7
1492 193 2
1493 193 3
1494 193 4
1495 194 0
1496 211 4
1497 164 4
1498 136 13
1499 169 8
1500 165 0
1501 165 1
1502 143 20
1503 165 2
1504 169 9
1505 205 0
1506 145 1
1507 145 2
1508 154 7
1509 139 11
1510 145 3
1511 145 4
1512 140 12
1513 146 1
1514 1 1
1515 2 17
1516 2 4
1517 85 2
1518 8 3
1519 10 4
1520 9 6
1521 178 3
1522 90 2
1523 199 4
1524 108 6
1525 141 10
1526 9 2
1527 194 1
1528 12 6
1529 118 8
1530 176 1
1531 16 7
1532 146 2
1533 92 3
1534 85 1
1535 146 3
1536 106 4
1537 151 14
1538 194 2
1539 19 8
1540 100 2
1541 161 19
1542 11 4
1543 11 13
1544 160 12
1545 193 7
1546 202 5
1547 103 2
1548 157 1
1549 205 3
1550 86 14
1551 188 2
1552 188 3
1553 10 2
1554 22 4
1555 22 3
1556 25 12
1557 69 18
1558 86 2
1559 22 1
1560 11 1
1561 176 2
1562 11 0
1563 178 9
1564 176 3
1565 176 4
1566 210 1
1567 113 2
1568 210 6
1569 121 1
1570 154 8
1571 126 4
1572 184 7
1573 90 1
1574 13 16
1575 13 5
1576 93 2
1577 32 2
1578 131 21
1579 70 2
1580 103 3
1581 19 4
1582 103 4
1583 104 0
1584 104 1
1585 19 9
1586 86 13
1587 104 2
1588 61 9
1589 78 0
1590 91 7
1591 23 1
1592 147 2
1593 165 3
1594 165 4
1595 14 11
1596 172 5
1597 166 0
1598 172 7
1599 166 1
1600 166 2
1601 25 8
1602 25 7
1603 91 8
1604 49 0
1605 50 17
1606 58 9
1607 43 2
1608 51 3
1609 153 0
1610 91 9
1611 93 6
1612 71 13
1613 69 2
1614 22 2
1615 23 2
1616 76 8
1617 78 1
1618 78 2
1619 73 7
1620 115 9
1621 23 20
1622 19 3
1623 111 1
1624 117 6
1625 118 5
1626 73 5
1627 73 8
1628 133 3
1629 99 6
1630 145 5
1631 177 1
1632 177 2
1633 149 21
1634 181 8
1635 157 2
1636 181 9
1637 151 13
1638 133 4
1639 122 1
1640 111 4
1641 146 4
1642 154 9
1643 96 6
1644 134 0
1645 114 2
1646 134 1
1647 79 2
1648 71 0
1649 78 3
1650 82 3
1651 86 3
1652 76 10
1653 86 4
1654 76 7
1655 76 13
1656 97 7
1657 87 0
1658 82 1
1659 206 0
1660 66 4
1661 67 2
1662 26 15
1663 67 3
1664 61 15
1665 23 21
1666 60 2
1667 67 4
1668 68 2
1669 77 19
1670 159 6
1671 51 4
1672 52 0
1673 28 3
1674 52 1
1675 52 2
1676 52 3
1677 51 18
1678 99 0
1679 166 3
1680 83 1
1681 83 2
1682 79 5
1683 130 9
1684 134 2
1685 116 10
1686 134 3
1687 134 4
1688 59 2
1689 59 3
1690 70 8
1691 43 0
1692 70 9
1693 122 2
1694 122 3
1695 122 4
1696 123 0
1697 146 0
1698 47 3
1699 47 4
1700 49 7
1701 48 0
1702 106 13
1703 123 1
1704 130 5
1705 190 7
1706 188 4
1707 190 8
1708 79 16
1709 189 0
1710 189 1
1711 190 9
1712 189 2
1713 142 8
1714 142 9
1715 113 19
1716 135 1
1717 160 5
1718 144 6
1719 68 3
1720 60 3
1721 85 5
1722 102 0
1723 72 6
1724 104 3
1725 20 2
1726 106 8
1727 104 4
1728 105 0
1729 106 9
1730 193 8
1731 109 9
1732 194 3
1733 194 4
1734 161 13
1735 195 0
1736 163 0
1737 133 5
1738 149 11
1739 87 1
1740 87 2
1741 77 20
1742 87 3
1743 97 8
1744 97 9
1745 87 4
1746 88 1
1747 88 2
1748 45 2
1749 45 3
1750 45 6
1751 46 5
1752 46 7
1753 41 15
1754 46 8
1755 45 4
1756 48 1
1757 49 8
1758 48 2
1759 48 3
1760 49 9
1761 43 16
1762 48 4
1763 44 17
1764 61 2
1765 117 18
1766 211 1
1767 163 9
1768 153 1
1769 131 10
1770 153 2
1771 85 7
1772 130 7
1773 72 0
1774 106 14
1775 123 2
1776 123 3
1777 106 15
1778 213 1
1779 79 0
1780 157 9
1781 116 13
1782 64 5
1783 64 1
1784 64 2
1785 64 3
1786 64 4
1787 65 0
1788 91 13
1789 111 2
1790 166 4
1791 167 0
1792 136 14
1793 123 4
1794 124 0
1795 124 1
1796 89 21
1797 124 2
1798 124 3
1799 93 18
1800 124 4
1801 125 0
1802 70 1
1803 101 10
1804 52 4
1805 61 5
1806 53 0
1807 53 1
1808 45 12
1809 53 2
1810 61 7
1811 46 10
