// The next line is the dfg name
random6_4type_invdelay
// The next lines are FU parameters given as:
// <FU type>  <resource constraint>  <# of FUs used>  <FU delay>
ADD 5 5 1
MUL 5 5 3
DIV 6 6 5
SQRT 6 6 6
actual latency 216
0 1 0
1 2 0
2 3 6
3 7 4
4 139 5
5 22 3
6 11 4
7 64 7
8 6 2
9 190 0
10 6 15
11 6 3
12 77 1
13 7 5
14 53 1
15 79 7
16 41 15
17 54 1
18 77 2
19 53 21
20 7 3
21 16 4
22 7 2
23 63 2
24 55 7
25 49 11
26 74 11
27 11 19
28 46 8
29 62 3
30 8 17
31 55 8
32 77 3
33 17 20
34 10 5
35 33 3
36 77 4
37 64 9
38 79 8
39 78 1
40 9 4
41 10 8
42 78 2
43 78 3
44 39 6
45 79 9
46 66 13
47 55 16
48 20 12
49 82 7
50 10 4
51 18 6
52 31 0
53 51 15
54 31 15
55 78 4
56 79 1
57 14 17
58 79 2
59 20 3
60 79 3
61 75 0
62 46 13
63 48 6
64 13 1
65 60 0
66 82 8
67 79 4
68 60 3
69 80 1
70 28 0
71 21 1
72 11 13
73 80 2
74 80 3
75 80 4
76 82 9
77 81 1
78 14 1
79 74 0
80 81 2
81 56 14
82 56 17
83 81 3
84 36 6
85 16 13
86 81 4
87 85 7
88 82 1
89 85 8
90 60 6
91 82 2
92 85 9
93 82 3
94 57 18
95 82 4
96 66 14
97 59 19
98 83 1
99 60 1
100 83 2
101 83 3
102 71 0
103 88 7
104 83 4
105 36 13
106 59 20
107 28 3
108 45 6
109 84 1
110 88 8
111 59 21
112 84 2
113 84 3
114 88 9
115 61 15
116 84 4
117 16 2
118 49 8
119 85 1
120 16 15
121 39 4
122 85 2
123 39 3
124 91 7
125 85 3
126 70 0
127 91 8
128 91 9
129 69 0
130 94 7
131 85 4
132 86 1
133 86 2
134 72 0
135 32 0
136 39 2
137 66 15
138 22 9
139 22 8
140 32 2
141 25 3
142 86 3
143 61 16
144 39 1
145 71 13
146 28 2
147 86 4
148 62 17
149 87 1
150 71 14
151 94 8
152 54 0
153 87 2
154 63 18
155 30 4
156 94 9
157 65 19
158 87 3
159 87 4
160 88 1
161 65 20
162 65 21
163 71 15
164 67 16
165 68 17
166 52 1
167 88 2
168 88 3
169 88 4
170 75 12
171 76 10
172 31 3
173 89 1
174 97 7
175 89 2
176 89 3
177 89 4
178 76 13
179 76 14
180 90 1
181 97 8
182 90 2
183 38 1
184 90 3
185 90 4
186 65 0
187 91 1
188 66 0
189 32 4
190 91 2
191 91 3
192 97 9
193 100 7
194 91 4
195 100 8
196 76 15
197 100 9
198 92 1
199 79 11
200 23 2
201 92 2
202 103 7
203 92 3
204 38 17
205 63 0
206 92 4
207 93 1
208 103 8
209 103 9
210 69 18
211 71 19
212 93 2
213 34 9
214 93 3
215 93 4
216 80 12
217 94 1
218 71 20
219 94 2
220 94 3
221 94 4
222 95 1
223 95 2
224 34 8
225 106 7
226 106 8
227 62 1
228 95 3
229 95 4
230 96 1
231 96 2
232 27 3
233 81 10
234 81 13
235 96 3
236 96 4
237 71 21
238 46 5
239 97 1
240 97 2
241 47 0
242 73 16
243 106 9
244 97 3
245 97 4
246 98 1
247 81 14
248 74 17
249 109 7
250 98 2
251 81 15
252 75 18
253 98 3
254 84 11
255 98 4
256 99 1
257 77 19
258 99 2
259 99 3
260 99 4
261 62 2
262 100 1
263 100 2
264 77 20
265 77 21
266 109 8
267 100 3
268 85 12
269 109 9
270 100 4
271 86 10
272 101 1
273 101 2
274 112 7
275 79 16
276 101 3
277 101 4
278 86 13
279 102 1
280 102 2
281 102 3
282 102 4
283 103 1
284 103 2
285 86 14
286 112 8
287 80 17
288 86 15
289 103 3
290 103 4
291 104 1
292 104 2
293 104 3
294 104 4
295 112 9
296 105 1
297 81 18
298 115 7
299 115 8
300 83 19
301 105 2
302 1 16
303 9 11
304 14 0
305 15 6
306 105 3
307 51 13
308 15 4
309 54 11
310 16 8
311 15 18
312 15 0
313 52 3
314 38 3
315 83 20
316 41 20
317 18 0
318 21 0
319 105 4
320 35 3
321 106 1
322 53 0
323 25 12
324 16 0
325 20 17
326 35 4
327 40 2
328 19 0
329 19 2
330 106 2
331 19 16
332 24 11
333 106 3
334 64 0
335 19 5
336 41 3
337 20 0
338 106 4
339 115 9
340 25 1
341 26 0
342 118 7
343 22 0
344 107 1
345 22 5
346 39 11
347 29 1
348 46 3
349 107 2
350 107 3
351 54 6
352 83 21
353 41 4
354 43 16
355 23 0
356 24 6
357 46 2
358 26 17
359 63 6
360 39 18
361 107 4
362 89 11
363 55 12
364 21 6
365 28 4
366 67 0
367 118 8
368 108 1
369 85 16
370 56 10
371 24 0
372 27 18
373 59 11
374 90 12
375 26 13
376 118 9
377 42 2
378 68 0
379 28 5
380 86 17
381 121 7
382 121 8
383 25 0
384 29 2
385 73 0
386 76 0
387 25 16
388 91 10
389 108 2
390 91 13
391 108 3
392 76 4
393 26 10
394 108 4
395 109 1
396 27 6
397 121 9
398 109 2
399 87 18
400 109 3
401 89 19
402 25 2
403 124 7
404 109 4
405 45 3
406 34 11
407 91 14
408 124 8
409 31 9
410 110 1
411 89 20
412 91 15
413 110 2
414 21 4
415 41 14
416 94 11
417 34 0
418 110 3
419 40 12
420 110 4
421 27 1
422 35 19
423 111 1
424 124 9
425 111 2
426 31 7
427 29 3
428 33 0
429 127 7
430 111 3
431 31 13
432 111 4
433 112 1
434 52 4
435 127 8
436 95 12
437 20 2
438 112 2
439 96 10
440 54 2
441 40 0
442 112 3
443 127 9
444 54 3
445 130 7
446 96 13
447 130 8
448 112 4
449 113 1
450 44 17
451 96 14
452 113 2
453 130 9
454 113 3
455 96 15
456 54 4
457 113 4
458 114 1
459 30 6
460 133 7
461 133 8
462 76 3
463 41 10
464 133 9
465 136 7
466 41 0
467 30 0
468 44 1
469 89 21
470 114 2
471 114 3
472 91 16
473 114 4
474 31 14
475 115 1
476 115 2
477 42 0
478 115 3
479 136 8
480 43 9
481 115 4
482 136 9
483 40 4
484 139 7
485 116 1
486 116 2
487 139 8
488 116 3
489 139 9
490 99 11
491 48 0
492 31 10
493 116 4
494 117 1
495 100 12
496 92 17
497 141 6
498 117 2
499 117 3
500 142 5
501 117 4
502 118 1
503 93 18
504 142 7
505 118 2
506 101 10
507 101 13
508 118 3
509 142 8
510 118 4
511 119 1
512 95 19
513 37 4
514 55 1
515 61 5
516 60 4
517 43 2
518 119 2
519 119 3
520 119 4
521 142 9
522 95 20
523 43 4
524 144 6
525 76 2
526 95 21
527 120 1
528 120 2
529 145 5
530 101 14
531 120 3
532 101 15
533 97 16
534 145 7
535 120 4
536 104 11
537 121 1
538 145 8
539 121 2
540 121 3
541 121 4
542 122 1
543 122 2
544 122 3
545 105 12
546 122 4
547 123 1
548 98 17
549 123 2
550 145 9
551 123 3
552 123 4
553 147 6
554 55 2
555 124 1
556 124 2
557 148 5
558 76 1
559 124 3
560 124 4
561 125 1
562 148 7
563 125 2
564 125 3
565 148 8
566 148 9
567 125 4
568 106 10
569 126 1
570 126 2
571 126 3
572 126 4
573 106 13
574 127 1
575 127 2
576 37 9
577 106 14
578 99 18
579 127 3
580 150 6
581 151 5
582 127 4
583 128 1
584 151 7
585 128 2
586 151 8
587 128 3
588 151 9
589 101 19
590 106 15
591 109 11
592 128 4
593 129 1
594 101 20
595 129 2
596 129 3
597 101 21
598 153 6
599 103 16
600 104 17
601 129 4
602 130 1
603 130 2
604 154 5
605 105 18
606 130 3
607 1 10
608 6 6
609 24 4
610 6 0
611 7 16
612 7 7
613 12 3
614 7 0
615 11 15
616 61 1
617 11 14
618 61 7
619 154 7
620 11 3
621 154 8
622 29 4
623 43 7
624 107 19
625 75 4
626 130 4
627 36 4
628 8 1
629 31 8
630 8 0
631 75 3
632 45 18
633 9 0
634 131 1
635 13 4
636 13 0
637 107 20
638 17 4
639 21 10
640 131 2
641 29 21
642 21 2
643 45 1
644 10 0
645 131 3
646 131 4
647 55 3
648 51 6
649 55 4
650 132 1
651 154 9
652 75 2
653 132 2
654 50 3
655 26 1
656 11 20
657 132 3
658 132 4
659 133 1
660 107 21
661 133 2
662 60 12
663 133 3
664 133 4
665 47 19
666 51 10
667 12 0
668 134 1
669 110 12
670 13 3
671 58 1
672 44 3
673 134 2
674 44 4
675 22 4
676 56 2
677 16 3
678 45 4
679 134 3
680 75 1
681 61 2
682 134 4
683 50 12
684 156 6
685 26 2
686 135 1
687 46 1
688 111 10
689 109 16
690 24 1
691 135 2
692 110 17
693 15 12
694 23 20
695 135 3
696 31 1
697 135 4
698 74 4
699 49 16
700 136 1
701 136 2
702 56 3
703 35 12
704 157 5
705 74 3
706 136 3
707 157 7
708 19 4
709 74 2
710 17 0
711 17 2
712 111 13
713 74 1
714 51 4
715 136 4
716 157 8
717 73 4
718 61 10
719 157 9
720 18 1
721 52 9
722 23 19
723 137 1
724 64 5
725 137 2
726 21 13
727 159 6
728 34 2
729 160 5
730 137 3
731 37 8
732 66 6
733 36 15
734 28 9
735 111 14
736 137 4
737 73 3
738 73 2
739 50 17
740 111 18
741 138 1
742 73 1
743 113 19
744 43 5
745 138 2
746 138 3
747 138 4
748 139 1
749 139 2
750 139 3
751 111 15
752 31 2
753 25 9
754 139 4
755 160 7
756 140 1
757 140 2
758 140 3
759 140 4
760 113 20
761 141 1
762 113 21
763 56 15
764 141 2
765 30 12
766 141 3
767 67 5
768 42 1
769 69 6
770 56 4
771 141 4
772 142 1
773 142 2
774 160 8
775 142 3
776 39 0
777 14 3
778 142 4
779 61 3
780 143 1
781 160 9
782 143 2
783 72 4
784 51 3
785 51 18
786 44 11
787 72 3
788 143 3
789 19 7
790 25 5
791 143 4
792 144 1
793 25 7
794 55 5
795 72 2
796 144 2
797 144 3
798 41 2
799 114 11
800 162 6
801 144 4
802 70 5
803 72 6
804 145 1
805 145 2
806 24 3
807 115 12
808 145 3
809 163 5
810 145 4
811 146 1
812 115 16
813 146 2
814 146 3
815 146 4
816 163 7
817 73 5
818 72 1
819 71 4
820 147 1
821 116 17
822 57 2
823 147 2
824 147 3
825 147 4
826 148 1
827 117 18
828 75 6
829 116 10
830 163 8
831 163 9
832 148 2
833 148 3
834 148 4
835 149 1
836 119 19
837 38 0
838 119 20
839 116 13
840 30 2
841 119 21
842 76 5
843 121 16
844 116 14
845 149 2
846 37 0
847 149 3
848 165 6
849 149 4
850 150 1
851 150 2
852 122 17
853 49 5
854 150 3
855 166 5
856 150 4
857 166 7
858 123 18
859 151 1
860 151 2
861 125 19
862 166 8
863 151 3
864 151 4
865 166 9
866 168 6
867 169 5
868 125 20
869 116 15
870 152 1
871 169 7
872 152 2
873 152 3
874 119 11
875 152 4
876 153 1
877 120 12
878 153 2
879 121 10
880 169 8
881 169 9
882 153 3
883 153 4
884 78 6
885 76 9
886 121 13
887 154 1
888 154 2
889 154 3
890 154 4
891 121 14
892 155 1
893 155 2
894 155 3
895 125 21
896 79 5
897 155 4
898 156 1
899 156 2
900 156 3
901 156 4
902 157 1
903 157 2
904 127 16
905 157 3
906 121 15
907 157 4
908 1 5
909 4 0
910 5 0
911 4 8
912 6 1
913 7 1
914 23 1
915 8 2
916 9 3
917 24 2
918 128 17
919 10 12
920 82 5
921 8 4
922 158 1
923 10 7
924 4 11
925 16 5
926 67 8
927 19 1
928 158 2
929 28 7
930 21 18
931 23 4
932 53 19
933 158 3
934 9 1
935 158 4
936 81 6
937 33 6
938 20 1
939 159 1
940 18 4
941 48 1
942 13 2
943 16 14
944 124 11
945 10 1
946 57 3
947 48 2
948 159 2
949 23 3
950 11 21
951 71 3
952 159 3
953 159 4
954 160 1
955 129 18
956 29 11
957 17 1
958 27 4
959 171 6
960 22 7
961 71 2
962 49 7
963 125 12
964 36 14
965 35 0
966 131 19
967 84 6
968 160 2
969 160 3
970 160 4
971 14 2
972 29 20
973 161 1
974 37 16
975 126 10
976 161 2
977 35 1
978 57 4
979 56 13
980 35 2
981 85 5
982 61 4
983 161 3
984 88 5
985 43 1
986 161 4
987 162 1
988 27 0
989 131 20
990 47 1
991 31 4
992 61 8
993 45 2
994 162 2
995 131 21
996 53 2
997 32 3
998 15 3
999 47 2
1000 38 2
1001 65 12
1002 71 1
1003 162 3
1004 162 4
1005 18 2
1006 77 0
1007 163 1
1008 78 0
1009 52 5
1010 61 13
1011 133 16
1012 163 2
1013 28 8
1014 58 2
1015 134 17
1016 163 3
1017 79 0
1018 64 11
1019 37 3
1020 163 4
1021 80 0
1022 87 6
1023 164 1
1024 66 10
1025 58 7
1026 52 2
1027 70 12
1028 70 4
1029 48 3
1030 164 2
1031 81 0
1032 58 3
1033 164 3
1034 172 5
1035 82 0
1036 164 4
1037 165 1
1038 69 11
1039 19 11
1040 18 3
1041 135 18
1042 61 9
1043 83 0
1044 90 6
1045 137 19
1046 51 1
1047 59 1
1048 165 2
1049 84 0
1050 137 20
1051 40 8
1052 70 3
1053 91 5
1054 165 3
1055 165 4
1056 85 0
1057 137 21
1058 94 5
1059 166 1
1060 86 0
1061 71 10
1062 93 6
1063 166 2
1064 139 16
1065 126 13
1066 166 3
1067 172 7
1068 87 0
1069 166 4
1070 46 15
1071 34 7
1072 88 0
1073 96 6
1074 167 1
1075 97 5
1076 100 5
1077 70 2
1078 167 2
1079 99 6
1080 89 0
1081 167 3
1082 172 8
1083 90 0
1084 102 6
1085 167 4
1086 168 1
1087 91 0
1088 168 2
1089 92 0
1090 168 3
1091 21 3
1092 168 4
1093 140 17
1094 93 0
1095 169 1
1096 37 1
1097 29 19
1098 141 18
1099 94 0
1100 169 2
1101 103 5
1102 126 14
1103 106 5
1104 169 3
1105 95 0
1106 169 4
1107 32 1
1108 105 6
1109 143 19
1110 172 9
1111 126 15
1112 96 0
1113 170 1
1114 170 2
1115 35 21
1116 108 6
1117 129 11
1118 46 14
1119 97 0
1120 170 3
1121 98 0
1122 143 20
1123 130 12
1124 109 5
1125 170 4
1126 52 7
1127 112 5
1128 171 1
1129 99 0
1130 131 10
1131 171 2
1132 111 6
1133 100 0
1134 49 0
1135 171 3
1136 171 4
1137 101 0
1138 174 6
1139 33 4
1140 59 2
1141 76 8
1142 172 1
1143 131 13
1144 102 0
1145 114 6
1146 143 21
1147 131 14
1148 172 2
1149 172 3
1150 103 0
1151 115 5
1152 131 15
1153 172 4
1154 134 11
1155 59 3
1156 104 0
1157 118 5
1158 173 1
1159 173 2
1160 145 16
1161 135 12
1162 136 10
1163 105 0
1164 117 6
1165 146 17
1166 173 3
1167 106 0
1168 173 4
1169 174 1
1170 107 0
1171 174 2
1172 175 5
1173 108 0
1174 174 3
1175 174 4
1176 120 6
1177 136 13
1178 109 0
1179 175 1
1180 121 5
1181 110 0
1182 175 2
1183 175 3
1184 111 0
1185 175 4
1186 124 5
1187 112 0
1188 176 1
1189 176 2
1190 113 0
1191 176 3
1192 114 0
1193 123 6
1194 176 4
1195 177 1
1196 175 7
1197 115 0
1198 177 2
1199 147 18
1200 116 0
1201 126 6
1202 136 14
1203 177 3
1204 136 15
1205 177 4
1206 127 5
1207 139 11
1208 117 0
1209 1 2
1210 2 1
1211 3 0
1212 3 18
1213 3 1
1214 58 8
1215 4 2
1216 4 9
1217 52 8
1218 7 8
1219 70 1
1220 49 1
1221 69 4
1222 4 3
1223 4 1
1224 76 7
1225 4 5
1226 4 4
1227 13 5
1228 3 2
1229 73 9
1230 40 9
1231 7 9
1232 62 0
1233 5 19
1234 178 1
1235 130 5
1236 4 7
1237 15 2
1238 36 2
1239 5 3
1240 5 12
1241 5 1
1242 5 4
1243 118 0
1244 49 2
1245 5 20
1246 129 6
1247 12 4
1248 36 0
1249 50 4
1250 6 4
1251 5 2
1252 6 13
1253 69 3
1254 10 9
1255 178 2
1256 9 18
1257 10 3
1258 140 12
1259 13 7
1260 5 21
1261 178 3
1262 28 1
1263 69 2
1264 141 10
1265 6 10
1266 73 8
1267 12 2
1268 30 3
1269 119 0
1270 149 19
1271 51 2
1272 178 4
1273 141 13
1274 49 3
1275 120 0
1276 179 1
1277 141 14
1278 49 4
1279 179 2
1280 14 4
1281 33 18
1282 69 1
1283 11 10
1284 149 20
1285 121 0
1286 19 3
1287 179 3
1288 6 14
1289 36 1
1290 122 0
1291 53 20
1292 141 15
1293 179 4
1294 180 1
1295 123 0
1296 42 4
1297 30 1
1298 180 2
1299 16 9
1300 175 8
1301 50 0
1302 124 0
1303 180 3
1304 41 19
1305 180 4
1306 13 9
1307 68 4
1308 125 0
1309 68 3
1310 181 1
1311 46 10
1312 132 6
1313 126 0
1314 181 2
1315 68 2
1316 181 3
1317 35 20
1318 68 1
1319 127 0
1320 133 5
1321 36 10
1322 144 11
1323 15 1
1324 145 12
1325 181 4
1326 36 3
1327 73 7
1328 128 0
1329 182 1
1330 17 21
1331 182 2
1332 70 9
1333 129 0
1334 56 0
1335 50 1
1336 27 2
1337 136 5
1338 32 17
1339 146 10
1340 135 6
1341 146 13
1342 146 14
1343 182 3
1344 130 0
1345 37 2
1346 175 9
1347 2 2
1348 146 15
1349 55 0
1350 61 0
1351 182 4
1352 149 21
1353 47 21
1354 183 1
1355 131 0
1356 16 1
1357 151 16
1358 183 2
1359 132 0
1360 67 4
1361 183 3
1362 183 4
1363 44 2
1364 133 0
1365 184 1
1366 17 3
1367 47 20
1368 138 6
1369 26 15
1370 134 0
1371 149 11
1372 184 2
1373 184 3
1374 150 12
1375 135 0
1376 42 3
1377 184 4
1378 177 6
1379 136 0
1380 43 0
1381 185 1
1382 185 2
1383 46 9
1384 152 17
1385 137 0
1386 185 3
1387 151 10
1388 151 13
1389 138 0
1390 185 4
1391 67 3
1392 186 1
1393 153 18
1394 139 0
1395 186 2
1396 140 0
1397 49 9
1398 186 3
1399 186 4
1400 141 0
1401 187 1
1402 151 14
1403 142 0
1404 178 5
1405 187 2
1406 67 2
1407 155 19
1408 187 3
1409 143 0
1410 187 4
1411 144 0
1412 188 1
1413 188 2
1414 51 14
1415 145 0
1416 41 21
1417 67 1
1418 188 3
1419 151 15
1420 154 11
1421 66 4
1422 146 0
1423 188 4
1424 189 1
1425 178 7
1426 147 0
1427 31 16
1428 189 2
1429 148 0
1430 155 20
1431 189 3
1432 189 4
1433 149 0
1434 190 1
1435 155 12
1436 155 21
1437 156 10
1438 150 0
1439 29 0
1440 190 2
1441 190 3
1442 157 16
1443 151 0
1444 178 8
1445 158 17
1446 190 4
1447 152 0
1448 191 0
1449 191 1
1450 159 18
1451 2 3
1452 153 0
1453 156 13
1454 156 14
1455 156 15
1456 191 2
1457 159 11
1458 160 12
1459 154 0
1460 161 10
1461 60 2
1462 178 9
1463 191 3
1464 191 4
1465 155 0
1466 180 6
1467 192 0
1468 156 0
1469 57 0
1470 181 5
1471 192 1
1472 161 19
1473 192 2
1474 157 0
1475 38 4
1476 161 20
1477 192 3
1478 158 0
1479 181 7
1480 181 8
1481 192 4
1482 193 0
1483 161 21
1484 159 0
1485 193 1
1486 160 0
1487 193 2
1488 181 9
1489 44 0
1490 193 3
1491 183 6
1492 161 0
1493 193 4
1494 162 0
1495 194 0
1496 194 1
1497 163 0
1498 161 13
1499 184 5
1500 194 2
1501 164 0
1502 163 16
1503 194 3
1504 184 7
1505 194 4
1506 165 0
1507 195 0
1508 184 8
1509 161 14
1510 166 0
1511 195 1
1512 161 15
1513 195 2
1514 1 1
1515 2 17
1516 2 4
1517 25 4
1518 8 3
1519 11 2
1520 9 6
1521 66 3
1522 20 4
1523 57 1
1524 37 7
1525 21 15
1526 9 2
1527 167 0
1528 12 6
1529 42 6
1530 195 3
1531 16 7
1532 168 0
1533 40 1
1534 45 0
1535 195 4
1536 56 1
1537 41 13
1538 196 0
1539 19 8
1540 66 2
1541 164 17
1542 12 1
1543 16 10
1544 164 11
1545 184 9
1546 186 6
1547 169 0
1548 58 0
1549 66 1
1550 21 14
1551 196 1
1552 170 0
1553 10 2
1554 40 3
1555 22 2
1556 26 14
1557 165 18
1558 196 2
1559 22 1
1560 11 1
1561 196 3
1562 11 0
1563 187 5
1564 171 0
1565 196 4
1566 65 4
1567 34 4
1568 70 8
1569 52 0
1570 187 7
1571 65 3
1572 70 7
1573 34 3
1574 13 16
1575 13 8
1576 46 0
1577 50 2
1578 167 19
1579 51 0
1580 172 0
1581 41 1
1582 197 0
1583 197 1
1584 173 0
1585 19 9
1586 165 12
1587 197 2
1588 58 9
1589 174 0
1590 187 8
1591 59 0
1592 65 2
1593 197 3
1594 197 4
1595 14 11
1596 187 9
1597 175 0
1598 189 6
1599 198 0
1600 176 0
1601 31 5
1602 25 8
1603 190 5
1604 65 1
1605 167 20
1606 190 7
1607 59 4
1608 198 1
1609 198 2
1610 190 8
1611 190 9
1612 166 10
1613 64 4
1614 26 4
1615 58 4
1616 67 9
1617 177 0
1618 198 3
1619 40 7
1620 192 6
1621 23 21
1622 26 3
1623 178 0
1624 193 5
1625 193 7
1626 40 5
1627 37 5
1628 198 4
1629 67 7
1630 57 6
1631 199 0
1632 179 0
1633 167 21
1634 193 8
1635 64 3
1636 193 9
1637 166 13
1638 199 1
1639 53 4
1640 53 3
1641 180 0
1642 195 6
1643 34 5
1644 199 2
1645 64 2
1646 199 3
1647 48 4
1648 34 1
1649 181 0
1650 64 1
1651 199 4
1652 166 14
1653 182 0
1654 58 5
1655 166 15
1656 196 5
1657 200 0
1658 63 4
1659 200 1
1660 183 0
1661 200 2
1662 45 12
1663 184 0
1664 169 11
1665 169 16
1666 63 3
1667 200 3
1668 200 4
1669 170 17
1670 196 7
1671 185 0
1672 201 0
1673 33 2
1674 186 0
1675 201 1
1676 201 2
1677 171 18
1678 47 4
1679 187 0
1680 201 3
1681 188 0
1682 196 8
1683 55 9
1684 201 4
1685 170 12
1686 202 0
1687 189 0
1688 202 1
1689 202 2
1690 196 9
1691 47 3
1692 198 6
1693 202 3
1694 202 4
1695 203 0
1696 203 1
1697 46 4
1698 203 2
1699 203 3
1700 199 5
1701 203 4
1702 171 10
1703 204 0
1704 199 7
1705 199 8
1706 204 1
1707 199 9
1708 17 19
1709 204 2
1710 204 3
1711 201 6
1712 204 4
1713 202 5
1714 202 7
1715 173 19
1716 205 0
1717 64 8
1718 202 8
1719 205 1
1720 62 4
1721 202 9
1722 205 2
1723 46 7
1724 205 3
1725 33 1
1726 204 6
1727 205 4
1728 206 0
1729 205 5
1730 205 7
1731 43 8
1732 206 1
1733 206 2
1734 171 13
1735 206 3
1736 206 4
1737 205 8
1738 171 14
1739 207 0
1740 207 1
1741 173 20
1742 207 2
1743 205 9
1744 207 6
1745 207 3
1746 207 4
1747 208 0
1748 208 1
1749 208 2
1750 208 5
1751 208 7
1752 208 8
1753 171 15
1754 208 9
1755 63 1
1756 208 3
1757 210 6
1758 208 4
1759 209 0
1760 211 5
1761 173 21
1762 209 1
1763 175 16
1764 209 2
1765 176 17
1766 209 3
1767 211 7
1768 209 4
1769 174 11
1770 210 0
1771 211 8
1772 211 9
1773 43 3
1774 175 12
1775 210 1
1776 210 2
1777 176 10
1778 210 3
1779 210 4
1780 213 6
1781 176 13
1782 214 5
1783 211 0
1784 211 1
1785 211 2
1786 211 3
1787 211 4
1788 176 14
1789 212 0
1790 212 1
1791 212 2
1792 176 15
1793 212 3
1794 212 4
1795 213 0
1796 177 18
1797 213 1
1798 213 2
1799 179 19
1800 213 3
1801 213 4
1802 214 0
1803 179 11
1804 214 1
1805 214 7
1806 214 2
1807 214 3
1808 180 12
1809 214 4
1810 214 8
1811 61 14
