// The next line is the dfg name
random2_4type_invdelay
// The next lines are FU parameters given as:
// <FU type>  <resource constraint>  <# of FUs used>  <FU delay>
ADD 2 2 1
MUL 2 2 3
DIV 2 2 5
SQRT 2 2 6
actual latency 183
0 1 1
1 2 0
2 2 1
3 3 6
4 10 1
5 3 1
6 116 0
7 3 0
8 10 7
9 4 0
10 66 1
11 4 1
12 67 1
13 6 1
14 11 1
15 51 6
16 68 1
17 58 2
18 7 1
19 5 3
20 63 6
21 5 0
22 29 4
23 8 3
24 8 1
25 9 1
26 69 1
27 9 4
28 9 6
29 6 0
30 9 0
31 7 2
32 50 0
33 55 5
34 70 1
35 15 0
36 16 7
37 15 6
38 57 1
39 14 0
40 14 1
41 11 0
42 59 3
43 21 0
44 4 2
45 13 2
46 59 4
47 75 6
48 8 0
49 71 1
50 72 1
51 60 5
52 22 7
53 73 1
54 22 0
55 61 2
56 12 0
57 55 2
58 61 0
59 25 5
60 62 3
61 64 2
62 46 7
63 45 5
64 23 0
65 22 2
66 74 1
67 51 1
68 65 3
69 64 4
70 75 1
71 24 1
72 67 2
73 76 1
74 64 0
75 39 6
76 77 1
77 76 7
78 45 0
79 78 1
80 79 1
81 64 7
82 80 1
83 16 2
84 81 1
85 82 1
86 17 0
87 83 1
88 15 1
89 81 6
90 84 1
91 85 1
92 45 6
93 86 1
94 55 1
95 87 1
96 68 3
97 88 1
98 70 2
99 25 0
100 58 0
101 71 3
102 65 5
103 89 1
104 39 4
105 90 1
106 82 7
107 91 1
108 87 6
109 92 1
110 59 0
111 93 1
112 94 1
113 73 2
114 88 7
115 95 1
116 93 6
117 18 0
118 96 1
119 69 4
120 74 3
121 76 2
122 57 0
123 28 0
124 97 1
125 98 1
126 55 0
127 77 3
128 79 2
129 80 3
130 99 1
131 42 1
132 100 1
133 101 1
134 69 6
135 102 1
136 103 1
137 82 2
138 83 3
139 56 0
140 49 4
141 70 5
142 54 0
143 74 4
144 104 1
145 105 1
146 75 5
147 85 2
148 18 1
149 16 1
150 106 1
151 79 4
152 80 5
153 107 1
154 16 0
155 108 1
156 84 4
157 109 1
158 110 1
159 20 3
160 85 5
161 111 1
162 112 1
163 113 1
164 114 1
165 115 1
166 116 1
167 89 4
168 117 0
169 117 1
170 52 2
171 118 0
172 118 1
173 119 0
174 46 2
175 94 7
176 99 6
177 46 0
178 100 7
179 90 5
180 119 1
181 120 0
182 105 6
183 94 4
184 120 1
185 95 5
186 86 3
187 121 0
188 121 1
189 88 2
190 89 3
191 122 0
192 122 1
193 123 0
194 123 1
195 124 0
196 124 1
197 125 0
198 125 1
199 126 0
200 99 4
201 126 1
202 127 0
203 91 2
204 100 5
205 1 2
206 4 4
207 11 3
208 12 1
209 4 7
210 127 1
211 14 4
212 128 0
213 128 1
214 53 0
215 21 6
216 19 0
217 19 1
218 19 4
219 5 1
220 28 2
221 129 0
222 43 1
223 62 1
224 92 3
225 31 0
226 31 1
227 32 1
228 129 1
229 130 0
230 130 1
231 32 0
232 37 1
233 33 1
234 40 0
235 94 2
236 33 6
237 34 2
238 40 2
239 131 0
240 131 1
241 38 3
242 132 0
243 104 4
244 132 1
245 133 0
246 59 1
247 50 1
248 43 0
249 32 3
250 34 4
251 49 2
252 24 0
253 25 2
254 37 0
255 49 0
256 58 7
257 106 7
258 35 3
259 28 7
260 29 3
261 111 6
262 95 3
263 97 2
264 41 0
265 98 3
266 28 1
267 105 5
268 53 3
269 58 1
270 133 1
271 112 7
272 44 0
273 14 3
274 43 2
275 134 0
276 134 1
277 41 3
278 135 0
279 135 1
280 56 3
281 109 4
282 136 0
283 136 1
284 38 0
285 137 0
286 137 1
287 35 1
288 110 5
289 117 6
290 138 0
291 138 1
292 114 4
293 115 5
294 139 0
295 139 1
296 54 1
297 35 0
298 100 2
299 140 0
300 119 4
301 140 1
302 101 3
303 39 0
304 103 2
305 120 5
306 124 4
307 141 0
308 47 0
309 104 3
310 141 1
311 125 5
312 142 0
313 142 1
314 106 2
315 64 1
316 107 3
317 129 4
318 143 0
319 109 2
320 143 1
321 40 5
322 144 0
323 118 7
324 110 3
325 112 2
326 123 6
327 130 5
328 124 7
329 129 6
330 134 4
331 144 1
332 145 0
333 113 3
334 130 7
335 145 1
336 146 0
337 146 1
338 135 5
339 147 0
340 115 2
341 116 3
342 70 0
343 66 0
344 36 0
345 118 2
346 67 0
347 119 3
348 121 2
349 68 0
350 69 0
351 56 1
352 71 0
353 72 0
354 122 3
355 45 1
356 124 2
357 139 4
358 73 0
359 74 0
360 135 6
361 140 5
362 75 0
363 76 0
364 125 3
365 77 0
366 78 0
367 79 0
368 127 2
369 136 7
370 141 6
371 80 0
372 81 0
373 82 0
374 83 0
375 84 0
376 85 0
377 128 3
378 86 0
379 87 0
380 88 0
381 89 0
382 90 0
383 91 0
384 130 2
385 92 0
386 131 3
387 144 4
388 133 2
389 93 0
390 94 0
391 95 0
392 96 0
393 145 5
394 97 0
395 134 3
396 98 0
397 149 4
398 136 2
399 142 7
400 137 3
401 99 0
402 100 0
403 101 0
404 102 0
405 1 0
406 2 3
407 57 6
408 17 3
409 19 2
410 147 6
411 103 0
412 7 0
413 13 0
414 5 5
415 13 1
416 104 0
417 139 2
418 65 0
419 44 4
420 63 0
421 53 1
422 10 5
423 10 0
424 10 2
425 105 0
426 50 3
427 65 1
428 15 5
429 27 0
430 20 1
431 20 0
432 23 1
433 27 6
434 106 0
435 51 0
436 107 0
437 23 3
438 24 4
439 21 1
440 25 1
441 140 3
442 108 0
443 109 0
444 148 7
445 150 5
446 17 1
447 52 0
448 26 1
449 34 0
450 30 1
451 63 1
452 29 1
453 61 1
454 154 4
455 29 0
456 110 0
457 111 0
458 112 0
459 113 0
460 20 5
461 114 0
462 155 5
463 60 1
464 115 0
465 38 1
466 36 1
467 147 1
468 47 3
469 142 2
470 39 1
471 44 3
472 70 7
473 41 1
474 31 2
475 30 5
476 34 7
477 37 2
478 40 1
479 40 7
480 44 1
481 22 1
482 52 7
483 159 4
484 42 0
485 148 0
486 27 1
487 52 1
488 26 0
489 148 1
490 149 0
491 149 1
492 150 0
493 150 1
494 54 4
495 151 0
496 151 1
497 152 0
498 62 0
499 152 1
500 153 0
501 143 3
502 145 2
503 153 6
504 160 5
505 30 0
506 48 1
507 153 1
508 154 0
509 154 1
510 155 0
511 155 1
512 33 0
513 156 0
514 156 1
515 34 1
516 157 0
517 157 1
518 146 3
519 154 7
520 159 6
521 148 2
522 160 7
523 158 0
524 149 3
525 165 6
526 164 4
527 158 1
528 46 1
529 165 5
530 151 2
531 152 3
532 35 5
533 154 2
534 159 0
535 159 1
536 160 0
537 166 7
538 155 3
539 157 2
540 49 1
541 160 1
542 158 3
543 161 0
544 171 6
545 160 2
546 161 1
547 162 0
548 162 1
549 163 0
550 163 1
551 47 1
552 164 0
553 169 4
554 161 3
555 164 1
556 163 2
557 48 0
558 165 0
559 172 7
560 177 6
561 164 3
562 165 1
563 166 0
564 166 1
565 60 0
566 166 2
567 167 0
568 167 1
569 168 0
570 50 5
571 167 3
572 168 1
573 169 0
574 169 2
575 169 1
576 170 0
577 170 1
578 171 0
579 171 1
580 172 0
581 26 3
582 172 1
583 170 5
584 173 0
585 173 1
586 174 0
587 170 3
588 174 4
589 172 2
590 174 1
591 175 0
592 173 3
593 178 7
594 175 1
595 176 0
596 176 1
597 175 2
598 176 3
599 175 5
600 179 4
601 177 0
602 177 1
603 178 0
604 178 2
605 178 1
606 179 0
