// The next line is the dfg name
random4_4type_uniform
// The next lines are FU parameters given as:
// <FU type>  <resource constraint>  <# of FUs used>  <FU delay>
ADD 1 1 1
MUL 4 4 3
DIV 6 6 5
SQRT 8 8 6
actual latency 234
0 1 5
1 6 14
2 13 1
3 12 4
4 12 0
5 12 15
6 12 5
7 16 0
8 12 3
9 63 2
10 39 6
11 17 5
12 13 16
13 14 0
14 13 17
15 45 2
16 24 8
17 63 3
18 63 4
19 88 7
20 107 0
21 17 10
22 108 0
23 15 3
24 19 8
25 28 1
26 15 0
27 32 10
28 34 8
29 18 15
30 59 8
31 18 13
32 64 1
33 18 7
34 109 0
35 23 0
36 66 4
37 79 8
38 35 9
39 80 18
40 78 13
41 57 4
42 57 0
43 37 0
44 78 14
45 72 15
46 67 1
47 110 0
48 111 0
49 24 14
50 26 18
51 82 10
52 78 15
53 51 3
54 33 2
55 69 2
56 69 3
57 79 17
58 65 0
59 60 15
60 82 11
61 84 8
62 75 0
63 39 3
64 19 6
65 72 12
66 42 3
67 69 4
68 84 12
69 72 10
70 66 12
71 82 1
72 87 10
73 84 13
74 89 6
75 70 1
76 18 14
77 84 14
78 21 4
79 89 8
80 90 9
81 112 0
82 84 15
83 113 0
84 50 18
85 42 12
86 78 3
87 85 16
88 114 0
89 48 0
90 115 0
91 116 0
92 92 5
93 24 6
94 72 3
95 72 4
96 24 12
97 24 4
98 75 3
99 75 4
100 92 10
101 47 0
102 78 4
103 42 0
104 70 9
105 93 7
106 85 17
107 25 0
108 24 3
109 117 0
110 67 16
111 44 18
112 94 6
113 45 9
114 67 10
115 43 0
116 24 15
117 86 18
118 81 3
119 68 0
120 30 2
121 88 11
122 48 14
123 90 12
124 34 0
125 94 8
126 81 4
127 27 4
128 95 9
129 84 2
130 29 0
131 118 0
132 30 12
133 90 13
134 97 5
135 84 3
136 97 10
137 84 4
138 119 0
139 120 0
140 121 0
141 68 18
142 31 16
143 98 7
144 122 0
145 123 0
146 90 14
147 124 0
148 85 1
149 90 15
150 47 5
151 58 1
152 55 17
153 125 0
154 126 0
155 91 16
156 99 6
157 127 0
158 128 0
159 30 3
160 87 2
161 87 3
162 32 18
163 129 0
164 36 4
165 99 8
166 36 3
167 55 16
168 87 4
169 100 9
170 88 1
171 102 5
172 130 0
173 90 2
174 131 0
175 132 0
176 54 14
177 91 17
178 133 0
179 40 9
180 90 3
181 92 18
182 102 10
183 59 0
184 60 0
185 94 11
186 103 7
187 61 0
188 76 0
189 134 0
190 58 0
191 60 2
192 104 6
193 96 12
194 135 0
195 90 4
196 104 8
197 37 1
198 136 0
199 91 1
200 137 0
201 93 2
202 105 9
203 138 0
204 107 5
205 93 3
206 93 4
207 139 0
208 96 13
209 96 14
210 96 15
211 140 0
212 77 0
213 94 1
214 96 2
215 96 3
216 141 0
217 96 4
218 107 10
219 142 0
220 97 1
221 99 2
222 108 7
223 54 3
224 54 2
225 109 6
226 109 8
227 110 9
228 97 16
229 52 10
230 143 0
231 97 17
232 57 5
233 99 3
234 144 0
235 112 5
236 112 10
237 145 0
238 113 7
239 114 6
240 48 15
241 146 0
242 98 18
243 114 8
244 147 0
245 148 0
246 99 4
247 100 11
248 149 0
249 150 0
250 78 0
251 151 0
252 46 1
253 100 1
254 152 0
255 115 9
256 30 13
257 43 16
258 117 5
259 153 0
260 102 12
261 117 10
262 102 2
263 102 13
264 154 0
265 118 7
266 155 0
267 102 3
268 52 1
269 119 6
270 102 14
271 102 4
272 103 1
273 102 15
274 103 16
275 156 0
276 157 0
277 103 17
278 105 2
279 105 3
280 119 8
281 55 0
282 104 18
283 106 11
284 158 0
285 120 9
286 122 5
287 105 4
288 106 1
289 108 2
290 122 10
291 123 7
292 159 0
293 124 6
294 124 8
295 108 3
296 108 4
297 109 1
298 125 9
299 108 12
300 111 2
301 127 5
302 160 0
303 161 0
304 108 13
305 162 0
306 1 1
307 4 1
308 4 6
309 4 12
310 5 0
311 4 0
312 5 2
313 10 11
314 5 13
315 8 7
316 16 1
317 127 10
318 60 14
319 18 2
320 18 4
321 55 9
322 48 13
323 11 0
324 21 0
325 12 2
326 128 7
327 12 12
328 22 1
329 25 1
330 22 10
331 108 14
332 66 15
333 108 15
334 163 0
335 57 10
336 18 0
337 53 0
338 18 3
339 111 3
340 129 6
341 28 11
342 58 7
343 30 14
344 74 0
345 66 14
346 61 1
347 109 16
348 109 17
349 9 8
350 19 1
351 164 0
352 52 11
353 54 12
354 38 0
355 22 5
356 9 6
357 129 8
358 111 4
359 112 1
360 22 11
361 22 0
362 165 0
363 14 8
364 16 11
365 110 18
366 112 11
367 36 15
368 44 8
369 27 5
370 114 12
371 27 0
372 114 2
373 130 9
374 114 3
375 132 5
376 39 0
377 31 17
378 114 4
379 115 1
380 54 13
381 117 2
382 166 0
383 68 7
384 74 8
385 114 13
386 25 9
387 43 17
388 26 0
389 24 13
390 132 10
391 28 0
392 117 3
393 114 14
394 56 18
395 133 7
396 114 15
397 74 6
398 58 11
399 41 0
400 70 11
401 79 0
402 25 17
403 117 4
404 32 0
405 167 0
406 134 6
407 49 8
408 118 1
409 48 12
410 134 8
411 115 16
412 33 7
413 67 5
414 168 0
415 33 4
416 75 9
417 135 9
418 115 17
419 137 5
420 116 18
421 38 18
422 42 4
423 39 2
424 77 5
425 120 2
426 30 15
427 118 11
428 137 10
429 138 7
430 66 13
431 36 14
432 120 3
433 120 12
434 120 13
435 36 12
436 34 6
437 169 0
438 120 4
439 60 13
440 73 16
441 170 0
442 121 1
443 139 6
444 139 8
445 123 2
446 80 0
447 106 0
448 65 9
449 123 3
450 64 8
451 120 14
452 40 11
453 39 4
454 123 4
455 124 1
456 67 0
457 126 2
458 120 15
459 140 9
460 49 0
461 126 3
462 84 6
463 121 16
464 30 0
465 121 17
466 79 6
467 69 8
468 122 18
469 78 7
470 57 3
471 126 4
472 124 11
473 127 1
474 126 12
475 104 0
476 60 12
477 102 0
478 64 6
479 49 16
480 126 13
481 129 2
482 72 2
483 80 9
484 59 6
485 82 5
486 83 7
487 78 2
488 85 9
489 87 5
490 46 11
491 73 1
492 142 5
493 100 0
494 98 0
495 96 0
496 126 14
497 75 2
498 142 10
499 42 10
500 94 0
501 51 4
502 92 0
503 126 15
504 78 12
505 90 0
506 143 7
507 88 0
508 54 8
509 77 10
510 86 0
511 76 1
512 144 6
513 84 0
514 82 0
515 81 2
516 66 2
517 79 1
518 129 3
519 83 0
520 129 4
521 85 0
522 76 11
523 66 0
524 87 0
525 53 7
526 60 4
527 50 9
528 144 8
529 127 16
530 89 0
531 91 0
532 79 16
533 145 9
534 19 17
535 93 0
536 127 17
537 95 0
538 97 0
539 99 0
540 147 5
541 147 10
542 130 1
543 132 2
544 66 3
545 128 18
546 148 7
547 132 3
548 52 0
549 101 0
550 130 11
551 103 0
552 105 0
553 132 12
554 51 2
555 149 6
556 132 13
557 132 4
558 133 1
559 135 2
560 171 0
561 149 8
562 132 14
563 132 15
564 135 3
565 135 4
566 150 9
567 172 0
568 136 1
569 133 16
570 133 17
571 42 2
572 173 0
573 152 5
574 152 10
575 138 2
576 153 7
577 64 11
578 138 3
579 138 4
580 174 0
581 154 6
582 175 0
583 6 15
584 154 8
585 176 0
586 155 9
587 157 5
588 177 0
589 157 10
590 178 0
591 179 0
592 180 0
593 139 1
594 141 2
595 158 7
596 159 6
597 141 3
598 181 0
599 182 0
600 183 0
601 141 4
602 184 0
603 134 18
604 136 11
605 1 11
606 7 1
607 10 9
608 73 0
609 10 1
610 13 7
611 7 5
612 13 0
613 17 0
614 12 10
615 12 13
616 19 16
617 35 0
618 19 0
619 159 8
620 62 18
621 36 0
622 42 5
623 49 6
624 12 14
625 72 0
626 138 12
627 15 9
628 185 0
629 14 18
630 44 0
631 14 6
632 45 0
633 57 2
634 15 2
635 15 4
636 160 9
637 186 0
638 162 5
639 23 7
640 162 10
641 20 9
642 21 2
643 138 13
644 20 18
645 20 0
646 49 1
647 142 1
648 18 12
649 187 0
650 138 14
651 144 2
652 138 15
653 24 0
654 72 5
655 63 7
656 188 0
657 29 6
658 31 0
659 24 2
660 46 0
661 139 16
662 43 7
663 64 0
664 33 0
665 189 0
666 42 15
667 71 0
668 21 3
669 74 18
670 25 16
671 50 0
672 139 17
673 163 7
674 31 1
675 30 4
676 190 0
677 55 1
678 28 7
679 144 3
680 27 10
681 191 0
682 44 6
683 63 0
684 48 7
685 192 0
686 62 10
687 140 18
688 73 7
689 144 4
690 142 11
691 27 2
692 48 4
693 61 17
694 144 12
695 164 6
696 145 1
697 164 8
698 61 16
699 193 0
700 194 0
701 33 3
702 165 9
703 54 0
704 195 0
705 167 5
706 34 11
707 196 0
708 167 10
709 40 1
710 144 13
711 73 17
712 147 2
713 168 7
714 197 0
715 34 1
716 147 3
717 81 0
718 37 17
719 169 6
720 144 14
721 147 4
722 62 5
723 144 15
724 148 1
725 43 1
726 60 3
727 150 2
728 169 8
729 51 0
730 198 0
731 32 5
732 150 3
733 145 16
734 29 8
735 72 14
736 199 0
737 36 13
738 200 0
739 62 0
740 170 9
741 145 17
742 37 16
743 150 4
744 172 5
745 39 8
746 151 1
747 172 10
748 42 13
749 173 7
750 201 0
751 202 0
752 54 15
753 60 9
754 146 18
755 153 2
756 36 2
757 52 5
758 148 11
759 40 0
760 37 5
761 174 6
762 150 12
763 203 0
764 174 8
765 48 3
766 153 3
767 150 13
768 150 14
769 153 4
770 150 15
771 72 13
772 38 7
773 175 9
774 177 5
775 154 1
776 204 0
777 56 0
778 45 4
779 151 16
780 156 2
781 177 10
782 205 0
783 206 0
784 45 3
785 156 3
786 207 0
787 156 4
788 178 7
789 208 0
790 151 17
791 47 10
792 30 9
793 209 0
794 210 0
795 152 18
796 48 2
797 27 3
798 211 0
799 179 6
800 179 8
801 212 0
802 54 4
803 157 1
804 159 2
805 180 9
806 69 6
807 182 5
808 37 10
809 154 11
810 159 3
811 213 0
812 182 10
813 214 0
814 156 12
815 215 0
816 70 0
817 156 13
818 159 4
819 183 7
820 67 17
821 216 0
822 160 1
823 69 0
824 162 2
825 156 14
826 156 15
827 157 16
828 162 3
829 49 17
830 184 6
831 162 4
832 163 1
833 157 17
834 184 8
835 158 18
836 185 9
837 217 0
838 187 5
839 160 11
840 218 0
841 187 10
842 42 14
843 162 12
844 162 13
845 162 14
846 219 0
847 165 2
848 220 0
849 188 7
850 162 15
851 221 0
852 165 3
853 222 0
854 163 16
855 165 4
856 189 6
857 223 0
858 224 0
859 166 1
860 168 2
861 168 3
862 168 4
863 169 1
864 54 6
865 189 8
866 225 0
867 190 9
868 163 17
869 164 18
870 171 2
871 166 11
872 226 0
873 168 12
874 227 0
875 228 0
876 168 13
877 171 3
878 168 14
879 168 15
880 171 4
881 229 0
882 172 1
883 169 16
884 192 5
885 169 17
886 174 2
887 174 3
888 170 18
889 230 0
890 231 0
891 174 4
892 232 0
893 172 11
894 174 12
895 174 13
896 175 1
897 174 14
898 192 10
899 193 7
900 233 0
901 177 2
902 174 15
903 175 16
904 194 6
905 234 0
