// The next line is the dfg name
random4_4type_invdelay
// The next lines are FU parameters given as:
// <FU type>  <resource constraint>  <# of FUs used>  <FU delay>
ADD 4 4 1
MUL 4 4 3
DIV 4 4 5
SQRT 4 4 6
actual latency 142
0 1 1
1 2 12
2 41 1
3 25 2
4 8 0
5 8 10
6 8 5
7 25 3
8 8 1
9 105 0
10 27 2
11 11 0
12 9 6
13 9 1
14 9 13
15 30 3
16 15 6
17 50 1
18 50 2
19 50 3
20 51 1
21 12 1
22 51 2
23 10 0
24 25 4
25 17 2
26 10 2
27 22 4
28 11 3
29 33 9
30 40 7
31 12 8
32 51 3
33 11 5
34 52 1
35 13 2
36 52 2
37 53 5
38 22 7
39 57 8
40 58 9
41 46 2
42 35 2
43 25 1
44 66 14
45 48 15
46 52 3
47 53 1
48 53 2
49 18 15
50 14 12
51 54 6
52 58 10
53 35 3
54 20 0
55 53 3
56 54 1
57 66 15
58 34 2
59 43 11
60 55 4
61 55 7
62 47 0
63 26 0
64 12 6
65 56 12
66 30 2
67 54 2
68 68 12
69 46 4
70 47 8
71 54 3
72 56 5
73 58 11
74 57 6
75 55 1
76 33 11
77 69 13
78 11 1
79 55 2
80 58 4
81 55 3
82 58 7
83 56 1
84 38 10
85 23 11
86 56 2
87 62 8
88 56 3
89 20 1
90 57 1
91 57 2
92 57 3
93 18 1
94 58 1
95 58 2
96 15 13
97 29 0
98 58 3
99 59 1
100 59 5
101 20 3
102 59 2
103 21 1
104 42 0
105 60 6
106 63 9
107 23 3
108 17 0
109 62 1
110 48 11
111 39 13
112 61 4
113 29 5
114 35 0
115 38 2
116 17 8
117 63 10
118 59 3
119 40 3
120 22 2
121 72 14
122 38 12
123 63 11
124 24 1
125 60 1
126 60 2
127 18 0
128 61 7
129 60 3
130 22 3
131 61 1
132 21 13
133 67 8
134 62 5
135 61 2
136 63 6
137 61 3
138 62 2
139 62 3
140 63 1
141 52 8
142 31 7
143 64 4
144 63 2
145 63 3
146 72 15
147 64 1
148 64 2
149 68 9
150 30 1
151 41 3
152 39 6
153 64 3
154 65 1
155 68 10
156 64 7
157 65 2
158 65 3
159 26 3
160 66 1
161 66 2
162 33 10
163 66 3
164 39 2
165 65 5
166 29 2
167 37 8
168 67 1
169 67 2
170 67 3
171 66 6
172 68 1
173 68 2
174 68 3
175 69 1
176 38 11
177 67 4
178 69 2
179 27 1
180 69 3
181 67 7
182 70 1
183 46 1
184 45 3
185 74 12
186 68 5
187 45 2
188 45 1
189 70 2
190 27 3
191 45 0
192 69 6
193 68 11
194 70 3
195 71 1
196 70 4
197 34 0
198 71 2
199 71 3
200 72 1
201 72 2
202 70 7
203 72 3
204 71 5
205 73 1
206 73 2
207 73 3
208 72 8
209 72 6
210 73 9
211 74 1
212 42 2
213 74 2
214 74 3
215 75 1
216 75 2
217 75 3
218 76 1
219 76 2
220 76 3
221 77 1
222 73 4
223 38 1
224 38 0
225 77 2
226 73 7
227 74 5
228 75 6
229 28 4
230 77 3
231 73 10
232 46 7
233 78 1
234 78 2
235 76 4
236 76 7
237 78 3
238 77 5
239 78 6
240 54 14
241 79 1
242 75 13
243 79 2
244 79 3
245 80 1
246 80 2
247 73 11
248 80 3
249 81 1
250 39 3
251 81 2
252 28 1
253 81 3
254 82 1
255 82 2
256 18 9
257 23 10
258 79 4
259 82 3
260 79 7
261 80 5
262 83 1
263 78 14
264 83 2
265 81 6
266 83 3
267 84 1
268 36 1
269 84 2
270 77 8
271 84 3
272 85 1
273 82 4
274 78 9
275 85 2
276 85 3
277 78 15
278 86 1
279 86 2
280 82 7
281 23 2
282 78 10
283 80 12
284 86 3
285 87 1
286 83 5
287 87 2
288 87 3
289 88 1
290 84 6
291 85 4
292 88 2
293 88 3
294 85 7
295 89 1
296 89 2
297 89 3
298 86 5
299 78 11
300 90 1
301 87 6
302 90 2
303 90 3
304 81 13
305 91 1
306 1 0
307 2 1
308 2 5
309 2 8
310 2 2
311 2 0
312 3 0
313 8 12
314 3 13
315 4 7
316 14 1
317 88 4
318 42 8
319 14 0
320 15 3
321 42 3
322 51 13
323 9 0
324 15 0
325 10 1
326 91 2
327 10 7
328 16 3
329 35 1
330 16 0
331 82 8
332 62 12
333 83 9
334 91 3
335 47 5
336 13 0
337 32 1
338 13 1
339 92 1
340 88 7
341 18 14
342 49 4
343 18 11
344 43 2
345 53 9
346 43 3
347 83 10
348 89 5
349 5 5
350 14 2
351 92 2
352 38 9
353 32 12
354 24 3
355 16 4
356 5 2
357 92 3
358 93 1
359 93 2
360 28 7
361 14 3
362 6 1
363 90 6
364 6 14
365 6 15
366 84 14
367 23 9
368 19 1
369 19 4
370 84 15
371 19 0
372 93 3
373 91 4
374 94 1
375 94 2
376 24 2
377 32 8
378 94 3
379 95 1
380 43 9
381 95 2
382 95 3
383 44 2
384 44 3
385 83 11
386 15 1
387 26 12
388 15 2
389 19 7
390 96 1
391 16 2
392 96 2
393 87 8
394 44 12
395 96 3
396 86 12
397 45 6
398 48 10
399 26 2
400 48 9
401 48 3
402 23 5
403 97 1
404 22 0
405 97 2
406 91 7
407 27 6
408 97 3
409 24 15
410 98 1
411 87 13
412 23 0
413 40 4
414 98 2
415 34 3
416 49 7
417 98 3
418 90 14
419 99 1
420 92 5
421 27 8
422 37 3
423 24 0
424 40 2
425 99 2
426 18 10
427 88 9
428 93 6
429 94 4
430 60 14
431 28 11
432 99 3
433 90 15
434 88 10
435 28 9
436 24 6
437 100 1
438 100 2
439 42 14
440 54 15
441 100 3
442 101 1
443 101 2
444 101 3
445 102 1
446 40 1
447 102 2
448 43 4
449 102 3
450 33 2
451 92 12
452 30 14
453 32 3
454 103 1
455 103 2
456 33 3
457 103 3
458 88 11
459 94 7
460 28 2
461 104 1
462 104 2
463 93 13
464 22 1
465 96 14
466 95 5
467 48 6
468 92 8
469 50 5
470 43 1
471 104 3
472 96 15
473 105 1
474 93 9
475 105 2
476 43 7
477 105 3
478 37 7
479 36 14
480 93 10
481 50 0
482 106 0
483 96 6
484 46 3
485 106 1
486 106 2
487 51 0
488 97 4
489 97 7
490 28 10
491 106 3
492 98 5
493 52 0
494 107 0
495 53 0
496 99 6
497 107 1
498 100 4
499 33 6
500 54 0
501 33 1
502 107 2
503 100 7
504 93 11
505 107 3
506 101 5
507 55 0
508 20 2
509 43 0
510 108 0
511 108 1
512 56 0
513 57 0
514 108 2
515 58 0
516 47 2
517 108 3
518 59 0
519 49 2
520 109 0
521 60 0
522 98 12
523 36 3
524 109 1
525 26 1
526 42 1
527 34 4
528 102 6
529 97 8
530 61 0
531 109 2
532 99 13
533 62 0
534 8 11
535 109 3
536 98 9
537 63 0
538 110 0
539 64 0
540 103 4
541 110 1
542 65 0
543 110 2
544 48 1
545 102 14
546 103 7
547 110 3
548 36 0
549 66 0
550 104 5
551 111 0
552 67 0
553 98 10
554 34 1
555 105 6
556 102 15
557 111 1
558 68 0
559 111 2
560 69 0
561 106 4
562 104 12
563 105 13
564 111 3
565 70 0
566 112 0
567 71 0
568 112 1
569 53 11
570 53 10
571 25 0
572 72 0
573 112 2
574 98 11
575 73 0
576 102 8
577 30 15
578 106 7
579 112 3
580 74 0
581 103 9
582 113 0
583 3 6
584 107 5
585 75 0
586 108 6
587 109 4
588 113 1
589 109 7
590 76 0
591 49 3
592 113 2
593 77 0
594 110 5
595 113 3
596 111 6
597 78 0
598 114 0
599 79 0
600 114 1
601 80 0
602 114 2
603 108 14
604 103 10
605 1 4
606 4 0
607 5 0
608 6 0
609 5 1
610 7 4
611 4 4
612 7 0
613 7 1
614 7 7
615 7 8
616 13 11
617 31 3
618 10 3
619 112 4
620 60 15
621 32 0
622 34 7
623 37 4
624 12 15
625 44 1
626 108 15
627 6 6
628 81 0
629 8 9
630 31 1
631 17 3
632 21 2
633 47 1
634 8 2
635 8 3
636 112 7
637 114 3
638 82 0
639 13 4
640 113 5
641 10 4
642 9 2
643 103 11
644 30 6
645 12 2
646 37 2
647 115 0
648 12 14
649 83 0
650 107 8
651 115 1
652 108 9
653 9 3
654 44 5
655 42 6
656 84 0
657 13 7
658 31 2
659 11 2
660 18 3
661 110 12
662 38 5
663 40 0
664 18 2
665 115 2
666 33 13
667 41 2
668 13 3
669 63 13
670 13 9
671 21 0
672 111 13
673 114 6
674 21 3
675 31 0
676 85 0
677 39 0
678 16 7
679 115 3
680 17 1
681 86 0
682 29 3
683 36 2
684 36 6
685 116 0
686 37 0
687 108 10
688 38 3
689 87 0
690 114 14
691 12 0
692 44 0
693 43 10
694 114 15
695 115 4
696 7 2
697 115 7
698 57 13
699 116 1
700 88 0
701 19 3
702 116 2
703 19 2
704 89 0
705 116 5
706 22 8
707 116 3
708 90 0
709 27 0
710 116 12
711 50 12
712 117 0
713 91 0
714 117 1
715 16 1
716 92 0
717 47 3
718 13 10
719 117 2
720 117 6
721 93 0
722 41 5
723 108 11
724 117 3
725 28 0
726 48 2
727 94 0
728 118 4
729 29 1
730 118 0
731 18 6
732 95 0
733 112 8
734 20 5
735 52 7
736 118 1
737 42 15
738 96 0
739 46 0
740 118 2
741 113 9
742 24 14
743 97 0
744 118 7
745 25 7
746 118 3
747 98 0
748 20 12
749 119 5
750 119 0
751 99 0
752 45 13
753 52 4
754 113 10
755 119 1
756 23 1
757 32 5
758 117 13
759 12 3
760 14 5
761 120 6
762 120 14
763 100 0
764 121 4
765 48 0
766 119 2
767 121 7
768 120 15
769 101 0
770 113 11
771 51 6
772 31 4
773 122 5
774 119 3
775 102 0
776 120 0
777 32 2
778 30 0
779 117 8
780 103 0
781 120 1
782 104 0
783 120 2
784 28 3
785 120 3
786 121 0
787 121 1
788 121 2
789 121 3
790 118 9
791 26 5
792 17 5
793 122 0
794 122 1
795 118 10
796 37 1
797 33 0
798 122 2
799 122 3
800 123 6
801 123 0
802 39 1
803 123 1
804 123 2
805 124 4
806 49 1
807 124 7
808 21 6
809 125 5
810 123 3
811 124 0
812 124 1
813 124 2
814 126 6
815 124 3
816 49 0
817 127 4
818 125 0
819 125 1
820 48 14
821 125 2
822 125 3
823 41 0
824 126 0
825 118 11
826 127 7
827 122 8
828 126 1
829 36 15
830 128 5
831 126 2
832 126 3
833 123 9
834 127 0
835 123 10
836 129 6
837 127 1
838 130 4
839 122 12
840 127 2
841 130 7
842 27 13
843 123 11
844 123 13
845 127 8
846 127 3
847 128 0
848 128 1
849 131 5
850 126 14
851 6 2
852 128 2
853 7 3
854 128 9
855 128 3
856 132 6
857 129 0
858 129 1
859 129 2
860 129 3
861 130 0
862 130 1
863 130 2
864 35 5
865 130 3
866 131 0
867 131 1
868 128 10
869 133 4
870 131 2
871 128 11
872 131 3
873 126 15
874 132 0
875 132 1
876 132 8
877 132 2
878 133 9
879 128 12
880 132 3
881 133 0
882 133 1
883 129 13
884 133 2
885 133 10
886 133 3
887 134 0
888 133 11
889 134 1
890 134 2
891 134 3
892 135 0
893 137 8
894 132 14
895 138 9
896 135 1
897 132 15
898 135 2
899 133 7
900 135 3
901 136 0
902 134 12
903 134 5
904 136 1
905 136 2
