// The next line is the dfg name
random2_4type_uniform
// The next lines are FU parameters given as:
// <FU type>  <resource constraint>  <# of FUs used>  <FU delay>
ADD 1 1 1
MUL 2 2 3
DIV 4 4 5
SQRT 5 5 6
actual latency 242
0 1 3
1 6 1
2 6 3
3 15 11
4 11 0
5 198 1
6 9 6
7 9 2
8 13 8
9 22 0
10 12 1
11 138 2
12 12 2
13 12 3
14 14 4
15 15 10
16 12 0
17 24 6
18 26 0
19 23 5
20 25 8
21 27 0
22 25 7
23 27 11
24 129 6
25 29 0
26 28 0
27 31 7
28 31 8
29 47 0
30 23 0
31 119 6
32 32 0
33 124 9
34 119 4
35 38 0
36 37 8
37 37 7
38 39 2
39 174 1
40 90 2
41 48 2
42 104 6
43 45 0
44 201 3
45 124 7
46 139 10
47 141 11
48 198 2
49 141 0
50 142 0
51 33 11
52 46 11
53 69 4
54 46 0
55 69 6
56 135 2
57 132 3
58 58 5
59 49 7
60 51 10
61 63 5
62 124 8
63 43 7
64 43 5
65 44 4
66 45 1
67 43 0
68 74 6
69 52 11
70 201 1
71 171 2
72 142 3
73 177 0
74 178 0
75 177 8
76 177 1
77 174 7
78 183 2
79 180 1
80 138 1
81 95 7
82 111 2
83 122 3
84 120 1
85 94 0
86 105 0
87 95 0
88 141 1
89 97 10
90 45 2
91 201 0
92 43 8
93 104 0
94 132 2
95 50 0
96 59 6
97 51 0
98 62 3
99 177 2
100 108 1
101 106 7
102 106 8
103 137 3
104 127 10
105 128 5
106 127 11
107 127 0
108 133 10
109 51 1
110 31 0
111 206 0
112 207 0
113 206 9
114 207 11
115 207 1
116 237 8
117 124 6
118 21 2
119 21 11
120 19 4
121 57 3
122 52 3
123 90 1
124 58 0
125 54 2
126 52 0
127 108 5
128 102 3
129 103 5
130 96 2
131 147 2
132 108 2
133 111 1
134 93 11
135 104 4
136 201 2
137 136 7
138 133 5
139 180 0
140 180 7
141 180 9
142 134 4
143 133 11
144 134 6
145 132 0
146 136 8
147 144 6
148 174 2
149 144 4
150 144 1
151 144 7
152 144 8
153 144 0
154 44 0
155 150 2
156 156 7
157 149 0
158 149 4
159 150 7
160 33 10
161 130 0
162 99 0
163 181 0
164 186 5
165 186 1
166 49 0
167 49 8
168 51 2
169 59 4
170 49 4
171 57 1
172 57 2
173 60 2
174 186 6
175 198 9
176 201 10
177 195 2
178 201 11
179 204 7
180 186 2
181 111 0
182 55 7
183 201 8
184 53 0
185 195 11
186 84 6
187 54 0
188 54 1
189 54 4
190 54 6
191 55 0
192 56 0
193 57 0
194 139 4
195 156 1
196 156 2
197 159 1
198 156 0
199 157 0
200 198 7
201 109 4
202 33 1
203 109 6
204 33 9
205 1 7
206 7 8
207 13 5
208 141 2
209 7 7
210 18 1
211 13 7
212 13 0
213 14 6
214 19 0
215 19 7
216 24 0
217 20 0
218 21 10
219 7 0
220 28 5
221 27 1
222 36 2
223 33 0
224 33 5
225 33 2
226 204 1
227 204 2
228 39 1
229 36 0
230 37 0
231 36 1
232 87 2
233 40 0
234 41 0
235 39 6
236 39 9
237 39 4
238 47 3
239 22 3
240 15 2
241 93 5
242 25 0
243 99 11
244 101 0
245 105 1
246 98 0
247 120 2
248 59 0
249 37 3
250 207 8
251 207 3
252 207 2
253 29 4
254 208 0
255 213 2
256 212 9
257 234 7
258 213 8
259 210 7
260 210 5
261 236 9
262 224 4
263 34 6
264 209 0
265 38 5
266 126 2
267 39 10
268 34 4
269 60 0
270 60 1
271 60 8
272 63 0
273 19 8
274 226 5
275 34 0
276 63 1
277 214 4
278 21 1
279 100 0
280 209 4
281 219 8
282 21 0
283 39 0
284 210 0
285 129 2
286 131 0
287 162 2
288 130 9
289 27 9
290 35 0
291 217 0
292 219 10
293 219 11
294 218 0
295 225 2
296 219 0
297 220 0
298 225 11
299 222 1
300 231 11
301 210 1
302 216 5
303 228 2
304 211 6
305 213 10
306 213 11
307 211 0
308 215 0
309 212 3
310 214 0
311 27 10
312 27 2
313 30 1
314 29 6
315 27 3
316 32 3
317 218 9
318 231 0
319 231 3
320 232 0
321 231 8
322 233 0
323 231 10
324 231 4
325 231 5
326 228 7
327 230 9
328 207 10
329 165 9
330 165 10
331 165 4
332 166 0
333 165 5
334 165 11
335 168 2
336 171 1
337 167 0
338 45 9
339 42 2
340 48 5
341 49 6
342 42 0
343 53 5
344 147 1
345 42 3
346 42 1
347 44 6
348 237 1
349 237 2
350 239 0
351 237 0
352 240 0
353 241 0
354 237 3
355 65 0
356 64 4
357 64 7
358 69 1
359 64 0
360 64 9
361 64 10
362 69 2
363 64 6
364 152 3
365 150 0
366 151 0
367 150 1
368 153 9
369 153 10
370 153 11
371 152 0
372 212 0
373 213 0
374 213 1
375 129 4
376 228 1
377 19 6
378 216 0
379 216 6
380 216 1
381 217 3
382 216 2
383 219 1
384 216 7
385 219 2
386 219 4
387 45 10
388 8 5
389 210 2
390 238 0
391 222 2
392 225 1
393 222 7
394 221 5
395 221 6
396 222 3
397 224 9
398 225 8
399 225 10
400 67 3
401 66 1
402 66 0
403 67 0
404 66 2
405 1 1
406 4 4
407 9 9
408 9 11
409 9 4
410 39 11
411 9 0
412 18 0
413 10 0
414 9 10
415 9 1
416 30 2
417 118 5
418 14 0
419 21 9
420 16 0
421 17 3
422 15 9
423 48 1
424 124 4
425 15 1
426 18 5
427 17 0
428 51 9
429 68 0
430 75 2
431 72 2
432 69 0
433 78 9
434 84 4
435 86 0
436 75 1
437 75 10
438 75 8
439 77 3
440 72 1
441 72 3
442 73 5
443 74 4
444 70 7
445 70 9
446 30 0
447 61 0
448 75 0
449 84 2
450 92 0
451 81 1
452 90 0
453 82 3
454 81 8
455 180 2
456 81 0
457 87 1
458 24 4
459 24 1
460 130 7
461 132 1
462 136 9
463 135 1
464 15 0
465 88 0
466 123 5
467 87 0
468 87 3
469 88 5
470 106 0
471 107 3
472 183 8
473 183 1
474 186 9
475 183 11
476 186 7
477 183 3
478 183 4
479 183 10
480 195 1
481 109 0
482 192 7
483 195 10
484 107 0
485 82 0
486 84 1
487 84 0
488 162 1
489 85 0
490 89 6
491 192 0
492 192 1
493 193 0
494 89 7
495 198 0
496 114 1
497 112 3
498 112 0
499 114 2
500 113 5
501 114 4
502 114 6
503 91 9
504 91 10
505 92 3
506 123 2
507 91 0
508 97 3
509 99 1
510 97 0
511 99 2
512 108 0
513 102 1
514 102 2
515 144 2
516 139 6
517 147 0
518 147 3
519 147 9
520 147 10
521 147 11
522 150 8
523 189 4
524 189 8
525 189 10
526 189 11
527 189 1
528 192 2
529 108 9
530 148 5
531 109 11
532 109 10
533 195 3
534 129 1
535 128 0
536 129 0
537 130 8
538 94 4
539 127 3
540 89 0
541 18 2
542 89 4
543 113 0
544 192 9
545 198 4
546 96 1
547 62 0
548 68 5
549 63 2
550 76 0
551 77 0
552 81 2
553 76 7
554 79 4
555 79 6
556 83 5
557 96 0
558 93 1
559 96 8
560 97 9
561 94 6
562 93 0
563 93 2
564 98 5
565 102 0
566 99 4
567 105 2
568 99 6
569 189 2
570 115 7
571 117 3
572 117 1
573 78 1
574 78 5
575 78 0
576 79 0
577 80 0
578 78 2
579 83 0
580 138 5
581 143 5
582 126 1
583 69 8
584 123 1
585 24 2
586 188 0
587 188 3
588 195 8
589 90 8
590 103 0
591 153 1
592 149 6
593 156 8
594 153 2
595 159 2
596 148 0
597 153 5
598 154 4
599 165 7
600 165 8
601 165 1
602 165 2
603 168 1
604 165 3
605 165 0
606 117 2
