// The next line is the dfg name
random6_4type_invdelay
// The next lines are FU parameters given as:
// <FU type>  <resource constraint>  <# of FUs used>  <FU delay>
ADD 7 7 1
MUL 7 7 3
DIV 8 8 5
SQRT 8 8 6
actual latency 157
0 1 0
1 2 0
2 3 8
3 6 5
4 148 9
5 70 6
6 7 6
7 153 8
8 6 2
9 146 2
10 6 21
11 6 3
12 156 0
13 7 7
14 98 1
15 145 9
16 131 21
17 81 4
18 144 1
19 126 28
20 7 3
21 111 4
22 7 2
23 150 4
24 139 13
25 131 19
26 126 19
27 11 27
28 7 13
29 148 4
30 8 23
31 124 12
32 140 6
33 9 24
34 10 7
35 70 3
36 141 0
37 136 11
38 136 9
39 149 2
40 8 6
41 10 10
42 141 1
43 141 2
44 10 13
45 145 10
46 126 20
47 126 29
48 116 19
49 145 11
50 9 3
51 18 8
52 17 5
53 86 14
54 21 19
55 82 6
56 83 1
57 14 23
58 120 6
59 13 5
60 121 3
61 112 3
62 101 18
63 13 12
64 13 0
65 81 5
66 142 9
67 141 3
68 91 1
69 128 5
70 70 1
71 10 6
72 11 14
73 128 6
74 129 1
75 129 2
76 142 7
77 113 6
78 14 1
79 20 6
80 62 3
81 21 20
82 57 24
83 62 4
84 22 12
85 16 14
86 106 1
87 106 7
88 91 0
89 106 10
90 97 9
91 98 4
92 106 11
93 98 5
94 90 28
95 135 3
96 121 14
97 119 26
98 135 4
99 143 6
100 135 5
101 135 6
102 120 5
103 97 11
104 92 3
105 16 21
106 78 29
107 16 3
108 16 13
109 92 4
110 97 12
111 79 22
112 129 3
113 129 4
114 130 12
115 116 20
116 121 4
117 13 3
118 13 13
119 121 5
120 64 15
121 66 4
122 121 6
123 66 5
124 136 10
125 122 4
126 120 4
127 126 8
128 127 9
129 149 6
130 127 10
131 122 5
132 122 6
133 123 0
134 112 4
135 75 6
136 76 2
137 66 18
138 16 12
139 22 11
140 19 5
141 112 0
142 76 3
143 77 25
144 121 0
145 21 21
146 11 3
147 123 1
148 108 29
149 123 2
150 110 16
151 127 11
152 81 6
153 136 3
154 101 26
155 12 4
156 121 10
157 101 27
158 114 2
159 123 3
160 139 0
161 102 28
162 102 29
163 101 20
164 103 22
165 104 23
166 67 3
167 83 2
168 83 3
169 83 4
170 76 17
171 76 18
172 17 6
173 83 5
174 106 12
175 98 6
176 99 0
177 99 1
178 91 14
179 91 17
180 99 2
181 106 13
182 99 3
183 20 3
184 100 3
185 100 4
186 100 0
187 100 5
188 100 1
189 60 1
190 107 1
191 107 2
192 115 12
193 127 7
194 150 0
195 108 8
196 91 18
197 109 7
198 101 0
199 101 21
200 14 4
201 114 3
202 121 11
203 114 4
204 89 27
205 106 2
206 114 5
207 114 6
208 144 8
209 76 12
210 60 28
211 60 29
212 73 2
213 49 11
214 73 3
215 73 4
216 66 19
217 122 0
218 122 23
219 122 1
220 122 2
221 122 3
222 113 1
223 113 2
224 114 8
225 115 7
226 115 9
227 113 0
228 113 3
229 113 4
230 107 3
231 107 4
232 15 4
233 55 16
234 56 14
235 55 6
236 56 3
237 53 26
238 76 7
239 99 4
240 99 5
241 60 5
242 90 29
243 109 9
244 129 5
245 129 6
246 130 0
247 86 17
248 117 24
249 109 10
250 121 2
251 41 19
252 47 25
253 46 1
254 41 20
255 46 2
256 99 6
257 91 22
258 100 6
259 101 2
260 101 3
261 91 5
262 101 4
263 101 5
264 92 23
265 114 28
266 82 10
267 79 0
268 81 14
269 82 11
270 79 1
271 81 17
272 79 2
273 79 3
274 121 12
275 105 24
276 115 0
277 115 1
278 104 15
279 79 4
280 114 0
281 101 1
282 56 4
283 56 5
284 56 6
285 56 17
286 67 12
287 53 27
288 56 18
289 115 2
290 151 6
291 92 5
292 92 6
293 93 0
294 93 1
295 96 8
296 73 5
297 63 24
298 76 13
299 78 8
300 65 26
301 73 6
302 1 22
303 9 15
304 14 0
305 15 8
306 107 5
307 101 19
308 15 3
309 131 20
310 16 10
311 15 24
312 15 0
313 78 3
314 18 6
315 80 23
316 77 26
317 18 0
318 21 0
319 83 0
320 67 5
321 101 6
322 77 1
323 16 19
324 16 0
325 20 23
326 20 5
327 19 4
328 19 0
329 19 2
330 83 6
331 19 22
332 24 15
333 78 4
334 106 0
335 19 7
336 29 1
337 20 0
338 107 0
339 82 12
340 25 1
341 26 0
342 61 9
343 22 0
344 68 3
345 22 7
346 26 21
347 70 5
348 60 0
349 39 5
350 39 6
351 31 9
352 67 22
353 72 1
354 23 27
355 23 0
356 24 8
357 73 0
358 24 28
359 67 9
360 45 24
361 57 0
362 56 19
363 71 14
364 21 8
365 24 2
366 55 3
367 67 13
368 57 1
369 54 28
370 50 16
371 24 0
372 24 29
373 51 14
374 41 21
375 26 17
376 52 9
377 26 1
378 27 6
379 28 7
380 47 26
381 51 8
382 61 10
383 25 0
384 25 3
385 50 0
386 50 1
387 25 22
388 51 17
389 50 4
390 51 18
391 46 3
392 45 6
393 26 14
394 46 4
395 46 5
396 27 8
397 52 10
398 46 6
399 47 27
400 50 5
401 50 23
402 25 2
403 34 13
404 51 0
405 19 6
406 30 16
407 44 15
408 52 11
409 28 11
410 47 0
411 48 28
412 45 16
413 47 1
414 21 2
415 61 19
416 41 14
417 27 2
418 47 2
419 29 15
420 47 3
421 27 1
422 27 24
423 70 0
424 28 13
425 43 1
426 28 10
427 28 1
428 28 2
429 43 12
430 43 2
431 31 17
432 66 3
433 47 4
434 98 3
435 109 11
436 91 19
437 16 2
438 102 0
439 71 18
440 27 5
441 25 4
442 50 6
443 52 12
444 26 3
445 52 13
446 46 14
447 54 8
448 47 5
449 47 6
450 30 29
451 46 17
452 130 1
453 130 13
454 130 2
455 116 21
456 66 1
457 56 1
458 93 2
459 67 10
460 97 13
461 100 7
462 82 2
463 60 16
464 100 9
465 100 10
466 59 5
467 30 0
468 30 5
469 71 25
470 55 0
471 31 3
472 31 22
473 31 4
474 31 18
475 31 5
476 31 6
477 31 0
478 32 3
479 31 10
480 31 7
481 84 2
482 37 7
483 36 0
484 61 11
485 40 0
486 36 1
487 43 13
488 56 0
489 99 8
490 74 15
491 31 1
492 31 14
493 32 4
494 32 5
495 31 21
496 37 22
497 37 13
498 40 1
499 40 2
500 39 8
501 40 3
502 40 4
503 38 23
504 67 7
505 46 0
506 36 19
507 40 16
508 41 4
509 43 7
510 41 5
511 41 6
512 29 25
513 29 0
514 32 6
515 31 11
516 37 1
517 37 0
518 37 2
519 37 3
520 37 4
521 40 7
522 30 28
523 30 1
524 40 9
525 38 6
526 107 25
527 40 5
528 36 6
529 31 12
530 31 19
531 37 5
532 31 20
533 33 24
534 31 13
535 39 4
536 35 16
537 34 6
538 34 9
539 35 0
540 35 1
541 35 2
542 35 3
543 35 4
544 136 0
545 39 15
546 38 1
547 38 2
548 32 23
549 32 0
550 33 8
551 32 1
552 76 0
553 34 10
554 33 0
555 33 1
556 33 2
557 82 13
558 38 0
559 36 5
560 102 1
561 102 2
562 109 12
563 102 3
564 102 4
565 109 13
566 40 10
567 51 1
568 61 14
569 34 0
570 34 1
571 34 2
572 34 3
573 34 15
574 34 4
575 34 5
576 36 8
577 36 14
578 36 28
579 36 2
580 37 9
581 34 7
582 40 6
583 66 0
584 37 10
585 36 3
586 37 11
587 36 4
588 37 12
589 36 29
590 36 17
591 36 18
592 39 0
593 39 1
594 39 24
595 39 2
596 39 3
597 41 25
598 100 11
599 35 25
600 41 26
601 43 3
602 43 4
603 43 5
604 45 8
605 41 27
606 43 6
607 1 14
608 7 9
609 91 3
610 6 0
611 6 28
612 7 10
613 10 5
614 7 0
615 11 20
616 135 2
617 11 19
618 151 12
619 145 12
620 7 5
621 145 13
622 71 5
623 93 8
624 121 22
625 127 6
626 141 4
627 111 2
628 8 0
629 10 11
630 8 1
631 128 0
632 131 27
633 9 0
634 115 3
635 12 1
636 12 0
637 107 26
638 12 2
639 61 20
640 115 4
641 12 29
642 12 3
643 128 4
644 10 0
645 130 3
646 130 4
647 91 2
648 105 8
649 111 5
650 130 5
651 133 9
652 120 1
653 141 5
654 80 6
655 11 4
656 11 25
657 130 6
658 131 3
659 131 4
660 114 29
661 131 5
662 135 16
663 131 6
664 132 0
665 131 26
666 136 14
667 9 5
668 136 4
669 121 17
670 10 4
671 111 3
672 72 2
673 136 5
674 67 6
675 16 4
676 129 0
677 11 5
678 78 1
679 132 1
680 120 2
681 106 5
682 132 2
683 106 21
684 127 12
685 62 2
686 102 5
687 60 6
688 91 20
689 93 24
690 18 4
691 136 6
692 98 23
693 15 16
694 13 22
695 107 6
696 12 5
697 115 5
698 111 6
699 119 25
700 115 6
701 116 0
702 81 1
703 21 18
704 130 7
705 112 5
706 125 0
707 85 7
708 17 3
709 72 4
710 17 0
711 17 2
712 119 15
713 154 4
714 148 6
715 155 1
716 112 7
717 148 0
718 65 16
719 79 7
720 18 1
721 72 8
722 18 28
723 132 3
724 118 13
725 108 0
726 16 18
727 115 13
728 60 2
729 117 8
730 108 1
731 13 9
732 139 11
733 75 16
734 79 13
735 86 18
736 78 5
737 72 5
738 72 6
739 66 28
740 68 23
741 78 6
742 82 3
743 81 24
744 73 7
745 93 3
746 140 1
747 121 1
748 123 4
749 123 5
750 123 6
751 81 18
752 63 0
753 19 12
754 84 3
755 118 7
756 137 2
757 137 3
758 137 4
759 84 4
760 71 26
761 74 0
762 65 27
763 66 14
764 74 1
765 20 16
766 57 2
767 58 12
768 22 4
769 58 13
770 23 3
771 71 0
772 74 2
773 112 1
774 64 7
775 64 1
776 64 0
777 11 6
778 132 4
779 147 6
780 132 5
781 133 10
782 132 6
783 120 3
784 90 6
785 83 26
786 21 17
787 64 5
788 68 4
789 19 9
790 88 7
791 51 3
792 51 4
793 22 9
794 22 13
795 23 6
796 74 3
797 48 0
798 60 3
799 96 14
800 100 12
801 96 0
802 150 8
803 139 12
804 108 2
805 108 3
806 13 6
807 96 18
808 108 4
809 141 8
810 102 6
811 103 0
812 95 25
813 103 1
814 103 2
815 103 3
816 25 11
817 151 10
818 148 2
819 150 3
820 48 1
821 48 29
822 25 6
823 48 2
824 116 1
825 149 3
826 89 0
827 66 29
828 28 12
829 46 18
830 55 7
831 55 9
832 48 3
833 124 1
834 103 4
835 103 5
836 95 26
837 14 6
838 95 27
839 91 21
840 14 5
841 96 28
842 106 9
843 96 29
844 95 16
845 137 5
846 15 5
847 142 0
848 46 7
849 41 0
850 153 0
851 124 2
852 83 25
853 91 7
854 65 0
855 46 9
856 68 5
857 76 9
858 59 26
859 68 6
860 154 1
861 65 25
862 61 12
863 84 5
864 84 6
865 88 10
866 88 11
867 88 12
868 71 27
869 76 19
870 85 1
871 88 13
872 72 0
873 142 1
874 66 20
875 151 1
876 76 4
877 76 14
878 92 0
879 96 19
880 94 7
881 94 9
882 94 0
883 94 1
884 94 10
885 94 11
886 94 15
887 94 2
888 94 3
889 137 1
890 151 2
891 86 19
892 93 4
893 93 5
894 93 6
895 84 28
896 100 13
897 94 4
898 94 5
899 94 6
900 149 1
901 109 0
902 109 1
903 124 3
904 109 22
905 124 4
906 111 14
907 124 5
908 1 7
909 4 0
910 5 0
911 4 10
912 6 1
913 7 1
914 12 6
915 8 2
916 8 5
917 76 5
918 123 24
919 10 16
920 142 10
921 8 4
922 141 6
923 10 9
924 4 15
925 16 7
926 87 8
927 19 1
928 85 2
929 19 13
930 21 24
931 78 2
932 134 23
933 137 6
934 9 1
935 138 2
936 138 8
937 79 12
938 20 1
939 116 2
940 13 4
941 81 2
942 13 2
943 16 20
944 105 16
945 10 1
946 91 4
947 149 5
948 90 0
949 11 2
950 11 26
951 112 6
952 124 6
953 125 1
954 79 5
955 17 27
956 21 14
957 17 1
958 21 1
959 79 9
960 22 10
961 70 2
962 49 13
963 96 20
964 66 17
965 72 3
966 99 24
967 118 9
968 108 5
969 108 6
970 109 2
971 14 3
972 17 25
973 109 3
974 78 28
975 71 17
976 69 3
977 22 6
978 55 5
979 59 15
980 23 2
981 76 10
982 60 4
983 84 1
984 84 8
985 27 3
986 51 5
987 51 6
988 27 0
989 51 24
990 82 0
991 80 5
992 151 7
993 23 1
994 140 0
995 73 22
996 77 2
997 15 6
998 15 2
999 77 6
1000 67 1
1001 96 17
1002 91 6
1003 103 6
1004 104 0
1005 18 2
1006 133 0
1007 133 1
1008 133 2
1009 130 11
1010 120 16
1011 115 22
1012 71 1
1013 28 9
1014 28 6
1015 49 22
1016 48 4
1017 48 5
1018 46 19
1019 28 4
1020 48 6
1021 95 0
1022 133 11
1023 133 3
1024 126 21
1025 120 8
1026 106 6
1027 129 15
1028 154 0
1029 68 0
1030 57 3
1031 57 4
1032 24 6
1033 57 5
1034 69 8
1035 57 6
1036 58 0
1037 58 1
1038 56 20
1039 19 15
1040 16 1
1041 84 29
1042 97 10
1043 95 1
1044 102 8
1045 85 22
1046 68 2
1047 71 6
1048 69 4
1049 69 5
1050 59 27
1051 49 10
1052 64 6
1053 76 11
1054 69 6
1055 44 0
1056 44 1
1057 42 28
1058 46 10
1059 44 2
1060 109 4
1061 96 21
1062 118 10
1063 109 5
1064 86 23
1065 86 20
1066 95 2
1067 103 7
1068 116 3
1069 116 4
1070 106 20
1071 13 10
1072 116 5
1073 121 13
1074 116 6
1075 133 12
1076 111 8
1077 84 0
1078 85 3
1079 90 8
1080 85 4
1081 85 5
1082 91 9
1083 85 6
1084 91 10
1085 86 0
1086 155 0
1087 65 1
1088 86 1
1089 86 2
1090 86 3
1091 17 4
1092 95 3
1093 54 29
1094 58 2
1095 58 3
1096 25 5
1097 26 23
1098 55 22
1099 58 4
1100 58 5
1101 103 9
1102 84 15
1103 46 11
1104 24 3
1105 24 4
1106 24 5
1107 24 1
1108 46 12
1109 42 29
1110 46 13
1111 26 20
1112 85 0
1113 79 6
1114 109 6
1115 18 29
1116 85 9
1117 71 19
1118 61 21
1119 80 0
1120 80 1
1121 80 2
1122 69 24
1123 71 20
1124 25 12
1125 26 4
1126 25 7
1127 25 13
1128 26 5
1129 26 6
1130 26 18
1131 27 4
1132 82 7
1133 52 5
1134 26 2
1135 52 6
1136 53 0
1137 53 1
1138 61 13
1139 31 2
1140 28 0
1141 133 7
1142 117 0
1143 51 19
1144 53 2
1145 63 8
1146 53 25
1147 51 20
1148 53 3
1149 69 0
1150 69 1
1151 73 10
1152 69 15
1153 69 2
1154 70 16
1155 32 2
1156 37 6
1157 34 12
1158 38 3
1159 38 4
1160 35 26
1161 36 20
1162 79 15
1163 100 2
1164 64 10
1165 35 27
1166 136 1
1167 33 3
1168 33 4
1169 33 5
1170 33 6
1171 35 5
1172 34 11
1173 35 6
1174 49 0
1175 49 1
1176 55 10
1177 54 15
1178 53 4
1179 53 5
1180 64 11
1181 53 6
1182 54 0
1183 54 1
1184 54 2
1185 66 2
1186 66 8
1187 29 2
1188 29 3
1189 29 4
1190 29 5
1191 29 6
1192 30 2
1193 30 8
1194 30 3
1195 30 4
1196 148 12
1197 95 4
1198 95 5
1199 87 24
1200 95 6
1201 55 11
1202 46 20
1203 49 2
1204 46 21
1205 49 3
1206 55 12
1207 49 15
1208 49 4
1209 1 2
1210 2 1
1211 3 0
1212 3 24
1213 3 1
1214 4 12
1215 4 2
1216 4 11
1217 121 7
1218 6 8
1219 150 2
1220 4 5
1221 4 6
1222 4 3
1223 4 1
1224 154 10
1225 4 7
1226 4 4
1227 88 9
1228 3 2
1229 154 7
1230 121 9
1231 7 12
1232 152 1
1233 5 26
1234 147 3
1235 147 8
1236 4 9
1237 9 6
1238 71 2
1239 5 4
1240 5 16
1241 5 1
1242 5 5
1243 147 4
1244 77 5
1245 5 25
1246 148 13
1247 5 6
1248 71 4
1249 124 0
1250 6 4
1251 5 2
1252 6 17
1253 134 5
1254 7 11
1255 144 2
1256 7 22
1257 7 4
1258 130 16
1259 94 12
1260 5 27
1261 146 3
1262 65 5
1263 135 1
1264 6 19
1265 6 14
1266 154 9
1267 5 3
1268 61 6
1269 157 2
1270 127 22
1271 148 3
1272 125 2
1273 111 17
1274 71 3
1275 125 3
1276 125 4
1277 6 20
1278 77 4
1279 146 4
1280 6 6
1281 75 24
1282 128 1
1283 11 17
1284 125 25
1285 146 5
1286 67 0
1287 146 6
1288 6 18
1289 92 2
1290 110 0
1291 132 29
1292 131 14
1293 144 3
1294 144 4
1295 144 5
1296 76 6
1297 67 2
1298 157 0
1299 16 11
1300 151 9
1301 112 2
1302 144 6
1303 145 0
1304 133 22
1305 145 1
1306 13 11
1307 153 3
1308 138 1
1309 148 5
1310 142 2
1311 126 18
1312 142 11
1313 142 3
1314 117 1
1315 150 6
1316 145 2
1317 129 24
1318 134 6
1319 145 3
1320 4 13
1321 134 15
1322 115 16
1323 13 1
1324 111 18
1325 125 5
1326 97 0
1327 151 11
1328 145 4
1329 145 5
1330 6 29
1331 151 3
1332 151 13
1333 145 6
1334 98 2
1335 77 0
1336 65 4
1337 148 7
1338 89 26
1339 106 14
1340 148 10
1341 131 18
1342 131 17
1343 146 0
1344 146 1
1345 70 4
1346 142 12
1347 2 2
1348 121 21
1349 149 4
1350 150 1
1351 125 6
1352 110 23
1353 131 25
1354 104 1
1355 104 2
1356 14 2
1357 97 22
1358 142 4
1359 138 3
1360 82 4
1361 96 1
1362 96 2
1363 16 6
1364 96 3
1365 96 4
1366 15 1
1367 77 27
1368 91 11
1369 16 17
1370 86 4
1371 76 20
1372 86 5
1373 86 6
1374 76 21
1375 139 1
1376 61 2
1377 104 3
1378 112 9
1379 104 4
1380 61 3
1381 154 2
1382 142 5
1383 82 9
1384 125 26
1385 142 6
1386 143 0
1387 124 15
1388 86 21
1389 154 3
1390 157 1
1391 152 0
1392 87 0
1393 72 28
1394 87 1
1395 87 2
1396 87 3
1397 67 11
1398 87 4
1399 87 5
1400 87 6
1401 110 1
1402 101 14
1403 110 2
1404 118 11
1405 110 3
1406 106 3
1407 107 27
1408 117 2
1409 117 3
1410 117 4
1411 117 5
1412 117 6
1413 118 1
1414 121 20
1415 143 1
1416 132 28
1417 128 2
1418 143 2
1419 125 16
1420 126 17
1421 152 2
1422 143 3
1423 143 4
1424 104 5
1425 142 13
1426 88 1
1427 120 29
1428 147 0
1429 147 1
1430 128 23
1431 147 2
1432 153 2
1433 154 5
1434 153 1
1435 126 14
1436 111 24
1437 81 19
1438 126 0
1439 65 3
1440 133 4
1441 133 5
1442 116 23
1443 143 5
1444 139 7
1445 119 27
1446 138 4
1447 138 5
1448 138 6
1449 137 0
1450 125 27
1451 2 3
1452 138 0
1453 139 15
1454 111 19
1455 111 20
1456 126 1
1457 111 21
1458 116 14
1459 126 2
1460 116 17
1461 135 0
1462 136 7
1463 136 2
1464 131 0
1465 131 1
1466 132 8
1467 131 2
1468 88 2
1469 82 1
1470 127 13
1471 126 3
1472 113 25
1473 126 4
1474 126 5
1475 66 6
1476 113 26
1477 126 6
1478 110 4
1479 70 7
1480 70 9
1481 21 3
1482 21 4
1483 56 23
1484 21 5
1485 21 6
1486 58 6
1487 59 0
1488 133 13
1489 98 0
1490 118 2
1491 123 8
1492 139 2
1493 139 3
1494 139 4
1495 139 5
1496 151 5
1497 118 3
1498 106 17
1499 124 7
1500 118 4
1501 118 5
1502 108 28
1503 118 6
1504 124 9
1505 147 5
1506 104 6
1507 105 0
1508 112 10
1509 99 15
1510 105 1
1511 105 2
1512 100 16
1513 105 3
1514 1 1
1515 2 23
1516 2 4
1517 61 5
1518 8 3
1519 9 4
1520 9 8
1521 128 3
1522 65 6
1523 144 0
1524 10 12
1525 106 19
1526 9 2
1527 139 6
1528 12 8
1529 85 13
1530 127 0
1531 16 9
1532 105 4
1533 67 4
1534 61 4
1535 105 5
1536 77 3
1537 109 15
1538 140 2
1539 19 10
1540 73 1
1541 120 28
1542 10 3
1543 11 18
1544 121 18
1545 139 9
1546 145 7
1547 74 4
1548 114 1
1549 148 1
1550 11 21
1551 133 6
1552 134 0
1553 10 2
1554 22 5
1555 22 3
1556 25 16
1557 59 25
1558 62 5
1559 22 1
1560 11 1
1561 127 1
1562 11 0
1563 129 8
1564 127 2
1565 127 3
1566 150 5
1567 81 3
1568 148 11
1569 88 0
1570 112 11
1571 92 1
1572 124 13
1573 65 2
1574 12 28
1575 13 7
1576 68 1
1577 30 6
1578 101 25
1579 18 5
1580 74 5
1581 18 3
1582 74 6
1583 75 0
1584 75 1
1585 19 11
1586 66 21
1587 75 2
1588 49 12
1589 59 1
1590 70 10
1591 23 4
1592 106 4
1593 119 0
1594 119 1
1595 14 15
1596 124 10
1597 119 2
1598 124 11
1599 119 3
1600 119 4
1601 25 10
1602 25 9
1603 70 11
1604 43 0
1605 43 22
1606 48 8
1607 28 5
1608 44 3
1609 110 5
1610 70 12
1611 70 13
1612 56 21
1613 55 4
1614 22 2
1615 23 5
1616 60 8
1617 59 2
1618 59 3
1619 58 9
1620 85 10
1621 23 25
1622 19 3
1623 80 3
1624 85 11
1625 85 12
1626 58 10
1627 58 11
1628 96 5
1629 75 8
1630 103 13
1631 127 4
1632 127 5
1633 113 27
1634 130 9
1635 113 5
1636 130 10
1637 116 18
1638 96 6
1639 89 1
1640 81 0
1641 105 6
1642 112 12
1643 73 9
1644 97 1
1645 82 5
1646 97 2
1647 59 6
1648 16 5
1649 59 4
1650 61 1
1651 62 6
1652 61 17
1653 63 2
1654 61 7
1655 61 18
1656 73 11
1657 63 3
1658 61 0
1659 149 0
1660 54 3
1661 54 4
1662 26 19
1663 54 5
1664 51 21
1665 23 26
1666 50 2
1667 54 6
1668 55 1
1669 61 22
1670 115 10
1671 44 4
1672 44 5
1673 28 3
1674 44 6
1675 45 0
1676 45 1
1677 44 23
1678 76 1
1679 119 5
1680 62 0
1681 62 1
1682 64 9
1683 94 13
1684 97 3
1685 89 15
1686 97 4
1687 97 5
1688 49 5
1689 49 6
1690 55 13
1691 38 5
1692 57 8
1693 88 3
1694 88 4
1695 88 5
1696 88 6
1697 111 0
1698 42 0
1699 42 1
1700 43 9
1701 42 2
1702 81 20
1703 89 2
1704 91 12
1705 135 8
1706 134 1
1707 136 12
1708 17 26
1709 134 2
1710 134 3
1711 136 13
1712 134 4
1713 103 10
1714 103 11
1715 89 25
1716 97 6
1717 115 11
1718 103 12
1719 55 2
1720 50 3
1721 64 12
1722 78 0
1723 58 7
1724 75 3
1725 20 2
1726 79 10
1727 75 4
1728 75 5
1729 79 11
1730 139 10
1731 81 8
1732 140 3
1733 140 4
1734 121 19
1735 140 5
1736 118 0
1737 97 7
1738 114 15
1739 63 4
1740 63 5
1741 62 23
1742 63 6
1743 73 12
1744 73 13
1745 64 2
1746 64 3
1747 64 4
1748 41 1
1749 41 2
1750 40 11
1751 40 12
1752 40 13
1753 36 21
1754 42 8
1755 41 3
1756 42 3
1757 43 10
1758 42 4
1759 42 5
1760 43 11
1761 29 26
1762 42 6
1763 29 27
1764 51 2
1765 83 27
1766 151 0
1767 118 12
1768 110 6
1769 101 17
1770 111 1
1771 64 13
1772 91 13
1773 20 4
1774 81 21
1775 89 3
1776 89 4
1777 85 16
1778 151 4
1779 63 1
1780 112 13
1781 90 16
1782 52 7
1783 52 0
1784 52 1
1785 52 2
1786 52 3
1787 52 4
1788 71 21
1789 80 4
1790 119 6
1791 120 0
1792 106 18
1793 89 5
1794 89 6
1795 90 1
1796 72 29
1797 90 2
1798 90 3
1799 74 23
1800 90 4
1801 90 5
1802 56 2
1803 80 16
1804 45 2
1805 49 7
1806 45 3
1807 45 4
1808 41 17
1809 45 5
1810 49 9
1811 41 18
