// The next line is the dfg name
random4_4type_invdelay
// The next lines are FU parameters given as:
// <FU type>  <resource constraint>  <# of FUs used>  <FU delay>
ADD 4 4 1
MUL 4 4 3
DIV 4 4 5
SQRT 4 4 6
actual latency 143
0 1 1
1 2 12
2 131 3
3 57 2
4 8 0
5 8 10
6 8 5
7 57 3
8 8 2
9 127 2
10 65 1
11 11 0
12 9 6
13 9 1
14 9 13
15 71 1
16 16 4
17 73 3
18 74 0
19 74 1
20 74 2
21 11 3
22 125 3
23 10 2
24 72 6
25 59 3
26 11 1
27 63 6
28 12 3
29 98 11
30 133 4
31 12 8
32 118 3
33 13 4
34 119 1
35 12 2
36 119 2
37 123 6
38 62 5
39 123 9
40 123 10
41 129 1
42 85 0
43 66 1
44 111 13
45 129 13
46 99 3
47 100 2
48 100 3
49 20 12
50 18 15
51 106 4
52 102 8
53 78 3
54 24 3
55 61 0
56 61 1
57 62 12
58 47 0
59 53 10
60 116 5
61 98 5
62 99 0
63 67 0
64 12 6
65 50 12
66 71 0
67 93 2
68 102 14
69 94 4
70 93 10
71 130 1
72 136 4
73 72 8
74 124 4
75 119 3
76 113 11
77 14 12
78 12 0
79 120 0
80 124 7
81 120 1
82 125 5
83 120 2
84 108 10
85 73 10
86 120 3
87 123 11
88 93 3
89 20 2
90 94 0
91 94 1
92 94 2
93 15 3
94 94 3
95 95 0
96 15 13
97 75 0
98 110 1
99 110 2
100 111 6
101 20 3
102 113 3
103 84 2
104 134 2
105 117 6
106 117 8
107 19 3
108 13 3
109 60 1
110 83 11
111 102 15
112 113 5
113 53 5
114 65 2
115 84 0
116 18 10
117 88 10
118 50 3
119 49 3
120 23 3
121 56 12
122 48 15
123 108 11
124 20 0
125 110 3
126 111 0
127 17 3
128 112 4
129 85 3
130 17 0
131 86 1
132 21 13
133 57 8
134 56 5
135 21 3
136 57 6
137 51 0
138 51 1
139 51 2
140 121 2
141 68 9
142 22 7
143 80 5
144 80 1
145 101 1
146 104 12
147 101 2
148 101 3
149 103 9
150 76 1
151 92 3
152 79 7
153 102 3
154 51 3
155 93 11
156 99 6
157 114 0
158 95 1
159 57 1
160 111 1
161 111 2
162 73 11
163 111 3
164 109 3
165 112 7
166 64 2
167 83 10
168 95 2
169 80 2
170 80 3
171 81 6
172 81 0
173 81 1
174 81 2
175 27 3
176 28 9
177 31 7
178 29 2
179 27 0
180 29 3
181 37 7
182 114 1
183 124 3
184 108 0
185 114 14
186 106 7
187 125 2
188 99 2
189 104 2
190 59 1
191 93 0
192 107 5
193 103 10
194 104 3
195 114 2
196 64 4
197 26 2
198 61 2
199 61 3
200 62 0
201 62 1
202 82 4
203 82 0
204 82 7
205 82 1
206 121 3
207 122 1
208 127 8
209 126 6
210 128 9
211 122 2
212 130 3
213 122 3
214 123 0
215 132 1
216 88 0
217 50 0
218 50 1
219 50 2
220 103 2
221 103 3
222 103 4
223 103 1
224 103 0
225 104 1
226 104 5
227 105 6
228 108 6
229 60 6
230 105 2
231 103 11
232 118 4
233 135 0
234 62 2
235 64 7
236 67 4
237 62 3
238 67 7
239 68 5
240 54 15
241 131 1
242 68 12
243 60 0
244 95 3
245 96 0
246 96 1
247 97 8
248 96 2
249 96 3
250 28 1
251 28 2
252 28 0
253 98 0
254 63 0
255 125 0
256 22 8
257 28 11
258 47 5
259 44 3
260 48 6
261 49 4
262 45 0
263 30 15
264 29 0
265 29 5
266 132 0
267 52 1
268 44 2
269 52 2
270 58 10
271 52 3
272 53 0
273 58 4
274 58 11
275 53 1
276 135 2
277 84 15
278 81 3
279 47 1
280 54 6
281 24 2
282 48 10
283 86 12
284 78 0
285 126 0
286 55 4
287 97 0
288 97 1
289 88 1
290 88 4
291 88 7
292 88 2
293 88 3
294 89 5
295 89 0
296 123 1
297 33 3
298 34 7
299 33 10
300 34 0
301 36 6
302 34 1
303 34 2
304 33 13
305 34 3
306 1 0
307 2 1
308 2 5
309 2 8
310 2 2
311 2 0
312 3 0
313 8 12
314 3 13
315 4 7
316 14 1
317 114 6
318 113 10
319 14 2
320 16 3
321 130 2
322 120 15
323 9 0
324 15 0
325 10 0
326 131 0
327 10 4
328 17 1
329 79 0
330 16 0
331 107 8
332 122 12
333 112 8
334 112 0
335 110 5
336 13 0
337 84 1
338 13 1
339 128 0
340 91 4
341 18 14
342 87 6
343 48 9
344 91 3
345 78 9
346 80 0
347 88 11
348 91 7
349 5 5
350 14 0
351 97 2
352 78 11
353 84 14
354 21 2
355 15 6
356 5 2
357 105 3
358 106 0
359 106 1
360 61 4
361 14 3
362 6 1
363 131 5
364 6 14
365 6 15
366 126 15
367 18 9
368 18 1
369 18 6
370 74 12
371 18 0
372 74 3
373 73 7
374 75 1
375 75 2
376 19 1
377 23 10
378 68 2
379 92 0
380 53 9
381 53 2
382 97 3
383 109 2
384 85 1
385 98 9
386 15 1
387 63 13
388 15 2
389 16 7
390 40 3
391 16 2
392 86 2
393 92 8
394 96 14
395 86 3
396 99 13
397 79 4
398 78 10
399 22 3
400 47 8
401 83 1
402 52 4
403 53 3
404 21 0
405 54 1
406 58 7
407 21 6
408 54 2
409 24 15
410 54 3
411 69 13
412 22 0
413 40 4
414 82 2
415 64 0
416 122 5
417 113 1
418 39 13
419 26 3
420 26 5
421 23 9
422 26 1
423 23 0
424 65 0
425 89 3
426 18 11
427 93 9
428 84 6
429 85 4
430 80 12
431 53 11
432 82 3
433 87 13
434 82 8
435 27 8
436 24 6
437 47 2
438 47 3
439 38 12
440 48 14
441 48 0
442 48 1
443 106 2
444 90 1
445 39 3
446 39 2
447 40 1
448 27 6
449 40 2
450 27 1
451 36 15
452 27 13
453 27 2
454 45 1
455 45 2
456 25 1
457 45 3
458 43 11
459 49 7
460 23 2
461 46 0
462 46 1
463 75 13
464 19 0
465 78 14
466 75 6
467 33 6
468 33 9
469 70 4
470 60 3
471 68 3
472 72 14
473 69 0
474 63 10
475 69 1
476 28 4
477 28 3
478 28 7
479 30 14
480 28 10
481 29 1
482 63 1
483 100 4
484 112 3
485 98 1
486 83 0
487 31 1
488 31 4
489 44 5
490 23 11
491 90 0
492 40 7
493 30 2
494 30 3
495 36 3
496 41 5
497 37 0
498 42 6
499 32 5
500 35 2
501 33 2
502 35 3
503 76 4
504 118 10
505 114 3
506 119 5
507 115 0
508 21 1
509 129 0
510 115 1
511 115 2
512 115 3
513 31 2
514 31 3
515 32 1
516 31 0
517 110 0
518 36 0
519 32 0
520 75 3
521 76 2
522 78 15
523 64 3
524 76 3
525 55 0
526 68 0
527 23 5
528 45 6
529 42 8
530 41 0
531 41 1
532 90 14
533 58 0
534 8 11
535 129 2
536 137 8
537 66 0
538 37 1
539 37 2
540 43 7
541 37 3
542 38 0
543 38 1
544 44 0
545 36 14
546 35 5
547 35 1
548 35 0
549 40 0
550 76 7
551 58 2
552 58 3
553 58 9
554 58 1
555 43 4
556 42 14
557 41 2
558 41 3
559 42 0
560 42 1
561 46 4
562 42 15
563 114 15
564 102 0
565 102 1
566 102 2
567 130 0
568 36 1
569 37 8
570 38 9
571 24 0
572 42 2
573 42 3
574 33 11
575 25 2
576 38 10
577 26 12
578 25 4
579 25 3
580 26 0
581 38 11
582 73 1
583 3 6
584 65 5
585 125 1
586 90 6
587 30 6
588 69 2
589 37 4
590 32 2
591 32 3
592 33 0
593 33 1
594 34 4
595 113 0
596 83 5
597 86 0
598 52 0
599 59 0
600 118 0
601 118 1
602 54 0
603 72 15
604 43 9
605 1 4
606 4 0
607 5 0
608 6 0
609 5 1
610 7 4
611 4 4
612 7 0
613 7 1
614 7 7
615 7 8
616 13 11
617 79 3
618 10 1
619 129 6
620 132 15
621 92 1
622 115 7
623 97 4
624 12 15
625 118 2
626 105 13
627 6 6
628 129 3
629 8 9
630 72 3
631 71 2
632 8 3
633 132 2
634 8 1
635 65 3
636 130 7
637 106 3
638 126 1
639 11 5
640 127 7
641 10 7
642 9 2
643 132 8
644 70 7
645 12 1
646 131 2
647 138 1
648 12 14
649 127 3
650 133 9
651 128 1
652 133 10
653 9 3
654 118 7
655 93 6
656 126 2
657 13 7
658 72 2
659 10 3
660 20 1
661 108 14
662 97 7
663 100 0
664 19 2
665 126 3
666 128 12
667 112 2
668 13 2
669 134 12
670 13 9
671 66 2
672 123 13
673 130 4
674 79 2
675 71 3
676 128 2
677 132 3
678 14 5
679 133 0
680 17 2
681 123 2
682 68 1
683 59 2
684 71 5
685 107 0
686 79 1
687 108 9
688 84 3
689 107 1
690 108 15
691 11 2
692 134 3
693 138 9
694 116 12
695 127 4
696 7 2
697 132 6
698 96 15
699 90 2
700 90 3
701 18 2
702 91 0
703 18 3
704 91 1
705 92 5
706 17 8
707 113 2
708 55 1
709 22 1
710 57 13
711 51 13
712 55 2
713 55 3
714 56 0
715 16 1
716 119 0
717 121 0
718 13 10
719 116 0
720 120 6
721 116 1
722 95 5
723 83 9
724 143 0
725 23 1
726 133 1
727 46 2
728 50 5
729 24 1
730 46 3
731 19 4
732 121 1
733 98 10
734 19 7
735 94 7
736 98 2
737 98 12
738 134 0
739 57 0
740 63 2
741 63 9
742 24 14
743 63 3
744 69 6
745 22 4
746 64 1
747 135 1
748 60 15
749 109 4
750 77 0
751 77 1
752 66 15
753 73 4
754 68 10
755 77 2
756 22 2
757 52 7
758 110 12
759 60 2
760 51 6
761 96 6
762 90 15
763 83 2
764 85 7
765 104 0
766 128 3
767 86 5
768 92 12
769 83 3
770 133 11
771 103 7
772 61 7
773 121 4
774 105 0
775 105 1
776 122 0
777 30 1
778 30 0
779 32 8
780 38 2
781 38 3
782 39 0
783 39 1
784 25 0
785 69 3
786 70 0
787 70 1
788 70 2
789 70 3
790 63 11
791 25 7
792 17 5
793 116 2
794 116 3
795 118 11
796 92 2
797 73 2
798 117 0
799 117 1
800 121 7
801 117 2
802 93 1
803 117 3
804 98 3
805 100 7
806 85 2
807 101 5
808 20 5
809 38 5
810 123 3
811 72 0
812 72 1
813 107 2
814 109 7
815 107 3
816 100 1
817 134 5
818 134 1
819 124 0
820 132 14
821 124 1
822 124 2
823 99 1
824 101 0
825 68 11
826 77 5
827 73 9
828 77 3
829 60 14
830 59 5
831 56 1
832 56 2
833 62 8
834 56 3
835 118 9
836 66 6
837 133 2
838 102 6
839 93 13
840 112 1
841 115 4
842 81 13
843 113 9
844 44 12
845 43 10
846 43 0
847 133 3
848 36 2
849 39 6
850 32 12
851 6 2
852 91 2
853 7 3
854 122 8
855 78 1
856 78 6
857 140 0
858 138 0
859 108 1
860 108 2
861 108 3
862 109 0
863 109 1
864 74 5
865 76 0
866 73 0
867 78 2
868 77 8
869 55 7
870 48 2
871 48 11
872 48 3
873 54 14
874 49 0
875 49 1
876 52 8
877 49 2
878 128 10
879 126 14
880 66 3
881 67 1
882 67 2
883 66 14
884 67 3
885 67 8
886 87 0
887 87 1
888 87 8
889 87 2
890 87 3
891 89 1
892 89 2
893 88 9
894 117 13
895 128 11
896 127 0
897 120 14
898 127 1
899 128 5
900 43 1
901 43 2
902 45 13
903 46 7
904 43 3
905 44 1
