// The next line is the dfg name
random6_4type_uniform
// The next lines are FU parameters given as:
// <FU type>  <resource constraint>  <# of FUs used>  <FU delay>
ADD 5 5 1
MUL 15 15 3
DIV 25 25 5
SQRT 30 30 6
actual latency 101
0 1 5
1 4 0
2 5 48
3 11 10
4 14 44
5 12 3
6 11 3
7 14 40
8 11 0
9 11 13
10 11 65
11 11 1
12 72 5
13 12 21
14 20 13
15 43 28
16 14 53
17 27 4
18 39 38
19 72 49
20 12 22
21 12 5
22 12 0
23 12 15
24 12 74
25 15 57
26 34 63
27 17 48
28 13 32
29 17 4
30 13 45
31 13 36
32 73 0
33 13 46
34 13 26
35 15 16
36 39 39
37 23 36
38 34 40
39 34 41
40 17 1
41 17 23
42 43 1
43 43 2
44 12 71
45 34 42
46 41 64
47 41 65
48 12 49
49 34 43
50 18 5
51 23 25
52 23 12
53 27 57
54 23 69
55 43 19
56 29 44
57 19 50
58 44 10
59 18 7
60 41 12
61 33 17
62 18 72
63 18 34
64 18 6
65 20 4
66 34 44
67 40 3
68 21 14
69 39 15
70 22 22
71 21 6
72 21 54
73 39 40
74 40 4
75 41 3
76 39 41
77 39 16
78 21 0
79 28 31
80 39 17
81 27 58
82 38 53
83 39 18
84 27 22
85 23 64
86 28 36
87 39 57
88 41 13
89 39 42
90 19 40
91 41 4
92 39 43
93 42 3
94 35 68
95 42 4
96 35 69
97 36 74
98 39 44
99 21 4
100 42 14
101 43 3
102 36 6
103 71 20
104 43 4
105 27 55
106 39 58
107 27 6
108 27 56
109 42 15
110 38 33
111 39 59
112 44 1
113 42 16
114 38 34
115 39 60
116 44 2
117 23 10
118 24 72
119 42 17
120 23 66
121 23 4
122 44 3
123 24 15
124 38 35
125 44 4
126 34 1
127 38 36
128 39 61
129 37 4
130 44 38
131 42 18
132 45 1
133 45 2
134 33 6
135 27 1
136 30 14
137 41 66
138 27 21
139 28 25
140 32 11
141 33 24
142 44 11
143 41 67
144 28 27
145 41 68
146 24 2
147 44 39
148 41 69
149 44 12
150 43 46
151 44 40
152 24 3
153 44 13
154 43 50
155 25 3
156 44 41
157 42 72
158 43 30
159 47 10
160 45 3
161 42 73
162 42 74
163 45 55
164 45 56
165 45 57
166 30 18
167 47 11
168 45 4
169 45 14
170 45 58
171 45 59
172 30 0
173 46 1
174 43 31
175 45 15
176 45 16
177 46 2
178 45 60
179 45 61
180 46 3
181 43 32
182 43 33
183 35 9
184 46 4
185 45 17
186 36 17
187 50 1
188 26 3
189 26 1
190 50 2
191 45 18
192 43 34
193 43 35
194 47 3
195 43 36
196 46 63
197 44 42
198 44 43
199 47 64
200 21 5
201 47 12
202 47 65
203 47 4
204 21 56
205 37 3
206 47 13
207 48 6
208 44 44
209 47 22
210 47 66
211 47 67
212 48 7
213 29 39
214 48 14
215 48 15
216 47 68
217 49 3
218 47 69
219 48 16
220 48 17
221 48 4
222 49 4
223 48 18
224 38 24
225 47 23
226 48 25
227 38 1
228 49 19
229 50 3
230 48 26
231 50 10
232 24 1
233 49 46
234 49 50
235 50 11
236 50 12
237 48 72
238 25 45
239 48 27
240 50 13
241 25 4
242 48 73
243 48 28
244 50 4
245 51 1
246 51 2
247 48 74
248 50 51
249 50 52
250 51 6
251 50 53
252 51 55
253 51 7
254 51 56
255 51 3
256 51 4
257 51 57
258 52 1
259 51 14
260 51 15
261 27 15
262 48 29
263 52 2
264 51 58
265 51 59
266 48 30
267 51 16
268 51 60
269 51 61
270 51 17
271 52 63
272 52 3
273 52 4
274 48 31
275 53 64
276 53 1
277 53 2
278 53 65
279 53 3
280 53 4
281 54 1
282 51 18
283 54 2
284 48 32
285 53 66
286 53 67
287 53 68
288 53 69
289 54 3
290 54 4
291 48 33
292 48 34
293 48 35
294 52 19
295 48 36
296 55 1
297 54 70
298 49 38
299 49 39
300 54 71
301 53 10
302 1 45
303 7 45
304 13 8
305 13 24
306 53 11
307 17 69
308 16 0
309 20 53
310 17 22
311 16 62
312 16 20
313 18 18
314 18 1
315 54 72
316 21 57
317 18 0
318 23 9
319 49 40
320 21 7
321 55 2
322 24 17
323 21 55
324 21 20
325 19 46
326 19 1
327 19 42
328 19 8
329 19 0
330 55 3
331 19 45
332 26 47
333 55 4
334 33 14
335 19 37
336 32 10
337 22 8
338 53 12
339 49 41
340 26 9
341 25 0
342 49 42
343 24 38
344 53 13
345 24 37
346 24 49
347 7 23
348 20 11
349 49 43
350 54 6
351 37 23
352 54 73
353 13 4
354 32 53
355 29 2
356 29 38
357 15 17
358 30 70
359 33 33
360 32 52
361 56 1
362 54 74
363 27 59
364 26 20
365 31 8
366 36 16
367 49 44
368 54 7
369 55 46
370 33 56
371 31 0
372 31 45
373 32 51
374 55 50
375 29 64
376 52 22
377 30 2
378 33 4
379 29 37
380 56 51
381 52 23
382 53 25
383 29 0
384 29 4
385 33 7
386 36 15
387 29 48
388 56 52
389 54 14
390 56 53
391 54 15
392 30 17
393 30 49
394 54 16
395 56 2
396 32 21
397 57 55
398 56 3
399 57 56
400 56 4
401 57 57
402 32 0
403 53 26
404 57 1
405 20 12
406 37 45
407 57 58
408 53 27
409 34 37
410 53 28
411 57 59
412 57 60
413 57 2
414 25 1
415 23 67
416 57 61
417 26 2
418 54 17
419 26 53
420 57 3
421 26 0
422 26 51
423 53 29
424 58 63
425 54 18
426 28 26
427 27 0
428 27 2
429 53 30
430 57 4
431 35 48
432 55 19
433 56 10
434 26 12
435 53 31
436 59 64
437 17 2
438 56 11
439 59 65
440 34 19
441 34 8
442 56 12
443 53 32
444 33 32
445 53 33
446 59 66
447 59 67
448 58 1
449 58 2
450 31 50
451 59 68
452 56 13
453 59 69
454 53 34
455 60 70
456 33 3
457 58 3
458 58 4
459 18 36
460 53 35
461 53 36
462 19 44
463 20 47
464 57 22
465 57 23
466 19 3
467 37 8
468 38 10
469 60 71
470 59 1
471 57 6
472 60 72
473 59 2
474 35 65
475 54 40
476 59 3
477 35 4
478 57 7
479 54 41
480 40 62
481 57 14
482 54 42
483 41 20
484 54 43
485 57 15
486 57 16
487 54 44
488 58 25
489 58 26
490 60 73
491 36 1
492 36 49
493 57 17
494 59 4
495 60 74
496 61 46
497 58 27
498 58 28
499 60 1
500 61 50
501 57 18
502 58 29
503 62 51
504 58 30
505 58 31
506 62 52
507 62 53
508 58 19
509 58 32
510 59 10
511 60 2
512 63 55
513 28 4
514 30 16
515 28 29
516 46 19
517 46 8
518 60 3
519 59 11
520 60 4
521 58 33
522 63 56
523 30 7
524 58 34
525 33 2
526 63 57
527 59 12
528 61 1
529 58 35
530 63 58
531 61 2
532 63 59
533 63 60
534 63 61
535 58 36
536 64 63
537 59 13
538 59 38
539 60 6
540 61 3
541 60 7
542 59 39
543 59 40
544 59 41
545 65 64
546 60 14
547 61 4
548 65 65
549 60 15
550 59 42
551 60 16
552 60 17
553 59 43
554 33 31
555 62 1
556 60 18
557 59 44
558 49 0
559 62 22
560 62 2
561 62 3
562 62 23
563 61 19
564 62 4
565 63 25
566 63 26
567 62 10
568 65 66
569 63 27
570 63 1
571 62 11
572 62 12
573 65 67
574 63 2
575 63 28
576 42 22
577 65 68
578 65 69
579 63 3
580 66 70
581 63 29
582 63 4
583 62 13
584 63 30
585 64 1
586 66 71
587 63 6
588 63 31
589 66 72
590 66 73
591 66 74
592 64 2
593 63 32
594 67 46
595 64 3
596 63 7
597 67 50
598 63 33
599 68 51
600 68 52
601 64 4
602 63 14
603 63 15
604 63 34
605 68 53
606 63 35
607 1 46
608 7 21
609 7 3
610 7 0
611 7 46
612 7 22
613 12 2
614 8 9
615 8 51
616 8 13
617 8 47
618 8 31
619 8 35
620 8 11
621 8 36
622 13 29
623 14 37
624 11 67
625 39 2
626 12 16
627 12 4
628 11 20
629 13 33
630 11 9
631 11 11
632 21 59
633 16 8
634 63 36
635 14 13
636 14 11
637 69 55
638 13 2
639 14 52
640 65 1
641 15 55
642 14 12
643 13 3
644 19 19
645 63 16
646 63 17
647 33 1
648 19 38
649 21 15
650 65 2
651 69 56
652 25 19
653 12 17
654 22 4
655 24 7
656 22 63
657 65 3
658 65 4
659 66 1
660 69 57
661 63 18
662 20 52
663 64 38
664 64 19
665 28 63
666 11 66
667 11 2
668 12 18
669 69 58
670 12 1
671 14 39
672 14 4
673 65 10
674 17 10
675 14 1
676 25 8
677 13 28
678 17 11
679 65 11
680 14 38
681 16 3
682 66 2
683 15 56
684 64 39
685 15 3
686 66 3
687 16 4
688 69 59
689 69 60
690 15 2
691 66 4
692 69 61
693 17 66
694 18 74
695 64 40
696 27 3
697 65 12
698 38 4
699 33 60
700 65 13
701 67 1
702 27 14
703 24 71
704 64 41
705 19 4
706 67 2
707 64 42
708 28 8
709 30 15
710 28 1
711 28 2
712 70 63
713 32 13
714 15 15
715 66 6
716 64 43
717 14 42
718 33 59
719 64 44
720 29 1
721 29 40
722 29 66
723 66 7
724 24 42
725 67 3
726 17 67
727 71 64
728 17 12
729 71 65
730 67 4
731 19 41
732 33 58
733 18 73
734 18 31
735 71 66
736 68 1
737 36 14
738 20 1
739 27 61
740 71 67
741 66 14
742 24 18
743 71 68
744 18 32
745 66 15
746 67 22
747 67 23
748 66 16
749 68 2
750 68 25
751 71 69
752 35 0
753 32 22
754 68 26
755 72 70
756 68 3
757 66 17
758 68 4
759 66 18
760 72 71
761 69 1
762 72 72
763 33 57
764 69 2
765 29 65
766 69 3
767 38 27
768 38 11
769 38 28
770 37 0
771 69 4
772 68 27
773 70 1
774 68 28
775 67 19
776 36 0
777 13 1
778 68 29
779 15 7
780 68 30
781 34 62
782 70 2
783 31 19
784 15 14
785 27 60
786 30 71
787 36 7
788 68 10
789 31 20
790 14 47
791 70 3
792 68 11
793 36 70
794 38 26
795 38 3
796 70 4
797 71 1
798 31 4
799 72 73
800 72 74
801 68 31
802 36 71
803 23 31
804 71 2
805 71 3
806 17 9
807 33 61
808 71 4
809 68 32
810 68 12
811 72 1
812 35 66
813 68 13
814 69 6
815 72 2
816 68 33
817 14 41
818 37 2
819 21 18
820 69 7
821 73 45
822 35 11
823 72 3
824 68 34
825 69 14
826 72 4
827 73 46
828 33 36
829 36 72
830 68 35
831 68 36
832 69 15
833 69 38
834 73 1
835 73 2
836 39 55
837 20 0
838 37 46
839 73 50
840 20 10
841 38 51
842 23 35
843 74 47
844 41 48
845 69 39
846 24 16
847 69 16
848 69 40
849 73 3
850 73 4
851 69 17
852 74 51
853 43 24
854 74 0
855 69 41
856 74 1
857 34 38
858 74 52
859 69 18
860 70 19
861 40 63
862 69 42
863 71 10
864 71 11
865 29 42
866 74 53
867 69 43
868 75 54
869 43 45
870 74 2
871 69 44
872 74 3
873 74 4
874 42 70
875 72 21
876 71 12
877 75 55
878 75 0
879 75 56
880 75 57
881 75 58
882 75 1
883 75 2
884 72 22
885 72 23
886 75 59
887 71 13
888 72 6
889 75 3
890 72 7
891 45 54
892 39 3
893 28 34
894 40 1
895 44 52
896 75 60
897 75 4
898 76 0
899 41 1
900 72 14
901 72 15
902 36 18
903 76 1
904 75 61
905 42 1
906 76 62
907 43 0
908 1 20
909 6 5
910 9 37
911 6 20
912 14 9
913 17 21
914 22 2
915 22 0
916 22 1
917 23 11
918 46 62
919 22 62
920 38 31
921 22 19
922 76 2
923 23 24
924 6 49
925 28 24
926 33 35
927 33 0
928 76 3
929 33 25
930 33 54
931 9 6
932 25 50
933 72 16
934 23 0
935 72 17
936 73 24
937 23 27
938 34 0
939 76 4
940 28 3
941 31 3
942 28 0
943 28 62
944 47 48
945 24 5
946 12 14
947 14 3
948 44 0
949 27 5
950 27 54
951 33 15
952 39 37
953 77 0
954 72 18
955 76 63
956 33 55
957 33 5
958 37 22
959 73 25
960 37 21
961 36 2
962 35 64
963 77 48
964 30 73
965 31 2
966 77 64
967 73 26
968 46 0
969 45 0
970 77 1
971 29 9
972 29 68
973 47 1
974 31 46
975 77 65
976 73 27
977 38 9
978 38 13
979 38 47
980 38 25
981 73 28
982 39 6
983 77 2
984 73 29
985 39 5
986 73 30
987 73 8
988 39 0
989 77 66
990 29 13
991 26 10
992 43 27
993 41 0
994 73 19
995 49 45
996 32 4
997 33 29
998 32 9
999 33 28
1000 32 1
1001 48 70
1002 35 13
1003 74 9
1004 77 3
1005 36 5
1006 39 7
1007 49 1
1008 74 10
1009 30 72
1010 77 67
1011 50 47
1012 73 31
1013 42 21
1014 40 8
1015 77 68
1016 74 11
1017 74 12
1018 51 54
1019 43 26
1020 73 32
1021 48 2
1022 73 33
1023 40 19
1024 11 68
1025 13 34
1026 11 12
1027 11 69
1028 48 1
1029 35 3
1030 74 13
1031 77 4
1032 42 0
1033 44 37
1034 73 34
1035 50 0
1036 75 5
1037 78 0
1038 77 69
1039 39 54
1040 36 20
1041 78 49
1042 38 30
1043 51 0
1044 78 70
1045 52 62
1046 35 10
1047 35 2
1048 78 1
1049 42 6
1050 53 48
1051 43 25
1052 42 5
1053 73 35
1054 75 6
1055 75 7
1056 75 14
1057 78 71
1058 73 36
1059 78 2
1060 41 10
1061 78 72
1062 74 37
1063 43 8
1064 78 73
1065 54 49
1066 44 9
1067 74 38
1068 75 15
1069 52 0
1070 30 74
1071 33 27
1072 74 39
1073 46 20
1074 47 21
1075 48 24
1076 74 40
1077 37 1
1078 78 3
1079 78 74
1080 74 41
1081 75 16
1082 74 42
1083 74 43
1084 74 44
1085 45 6
1086 53 0
1087 76 20
1088 78 4
1089 79 0
1090 54 0
1091 41 9
1092 47 9
1093 79 45
1094 79 1
1095 75 17
1096 42 23
1097 42 49
1098 55 45
1099 75 18
1100 76 8
1101 49 37
1102 56 47
1103 77 21
1104 77 22
1105 55 0
1106 48 5
1107 45 5
1108 77 23
1109 79 46
1110 78 24
1111 57 54
1112 76 19
1113 51 20
1114 79 2
1115 44 47
1116 52 21
1117 79 50
1118 44 51
1119 79 3
1120 77 9
1121 56 0
1122 80 47
1123 80 51
1124 58 62
1125 53 24
1126 48 49
1127 78 25
1128 77 10
1129 79 4
1130 59 48
1131 57 0
1132 78 26
1133 77 11
1134 39 1
1135 49 8
1136 50 9
1137 77 12
1138 78 27
1139 47 0
1140 54 37
1141 38 29
1142 80 0
1143 80 52
1144 78 28
1145 78 29
1146 80 53
1147 81 54
1148 77 13
1149 51 5
1150 78 5
1151 54 38
1152 60 49
1153 78 30
1154 81 55
1155 48 0
1156 78 6
1157 81 56
1158 78 7
1159 52 8
1160 61 45
1161 62 47
1162 81 57
1163 80 1
1164 78 31
1165 63 54
1166 58 0
1167 53 9
1168 80 2
1169 80 3
1170 78 14
1171 54 5
1172 56 20
1173 78 15
1174 78 16
1175 57 21
1176 81 58
1177 81 59
1178 78 17
1179 80 4
1180 58 24
1181 55 8
1182 56 9
1183 81 0
1184 59 0
1185 81 1
1186 78 32
1187 60 0
1188 81 2
1189 78 18
1190 81 3
1191 79 8
1192 79 19
1193 80 9
1194 61 0
1195 81 4
1196 9 42
1197 62 0
1198 82 0
1199 81 60
1200 80 10
1201 78 33
1202 64 62
1203 82 1
1204 65 48
1205 63 0
1206 78 34
1207 81 61
1208 80 11
1209 1 21
1210 6 0
1211 7 1
1212 7 50
1213 7 2
1214 8 32
1215 8 10
1216 8 28
1217 15 60
1218 11 48
1219 38 2
1220 8 27
1221 9 3
1222 8 1
1223 8 25
1224 8 34
1225 8 26
1226 8 3
1227 13 30
1228 7 8
1229 9 41
1230 9 40
1231 9 39
1232 9 15
1233 9 55
1234 9 43
1235 78 35
1236 8 30
1237 18 27
1238 17 13
1239 13 27
1240 82 62
1241 13 0
1242 9 5
1243 9 4
1244 9 14
1245 9 56
1246 9 44
1247 9 7
1248 9 1
1249 14 2
1250 14 10
1251 13 19
1252 18 71
1253 35 12
1254 18 26
1255 82 2
1256 17 64
1257 17 0
1258 82 63
1259 18 29
1260 9 58
1261 64 0
1262 16 19
1263 23 34
1264 66 49
1265 17 65
1266 14 43
1267 11 4
1268 23 13
1269 82 3
1270 10 63
1271 15 6
1272 78 36
1273 83 48
1274 16 1
1275 82 4
1276 65 0
1277 83 64
1278 17 3
1279 79 37
1280 12 6
1281 24 70
1282 36 4
1283 18 70
1284 67 45
1285 57 5
1286 12 23
1287 83 0
1288 12 72
1289 12 7
1290 66 0
1291 21 61
1292 68 47
1293 80 12
1294 83 1
1295 83 2
1296 19 2
1297 20 9
1298 67 0
1299 24 40
1300 59 37
1301 19 39
1302 83 3
1303 68 0
1304 15 59
1305 59 9
1306 23 26
1307 36 3
1308 83 4
1309 27 18
1310 84 0
1311 15 58
1312 79 38
1313 69 0
1314 84 1
1315 21 3
1316 80 13
1317 13 50
1318 21 17
1319 70 0
1320 8 53
1321 17 68
1322 83 65
1323 23 1
1324 69 54
1325 58 8
1326 26 11
1327 15 61
1328 60 5
1329 81 5
1330 12 70
1331 84 2
1332 24 44
1333 81 6
1334 21 2
1335 16 2
1336 15 1
1337 83 66
1338 15 54
1339 83 67
1340 79 39
1341 83 68
1342 70 62
1343 84 3
1344 81 7
1345 23 30
1346 62 21
1347 6 6
1348 71 48
1349 18 14
1350 21 1
1351 61 8
1352 83 69
1353 24 74
1354 62 9
1355 81 14
1356 24 0
1357 84 49
1358 61 20
1359 81 15
1360 28 33
1361 63 5
1362 79 40
1363 27 23
1364 71 0
1365 81 16
1366 25 2
1367 25 46
1368 63 24
1369 26 52
1370 79 41
1371 84 70
1372 84 4
1373 81 17
1374 84 71
1375 79 42
1376 31 1
1377 81 18
1378 79 43
1379 64 8
1380 28 19
1381 65 9
1382 82 8
1383 18 35
1384 84 72
1385 66 5
1386 82 19
1387 84 73
1388 84 74
1389 83 9
1390 83 10
1391 24 43
1392 72 0
1393 85 45
1394 85 0
1395 67 8
1396 68 9
1397 29 69
1398 79 44
1399 85 1
1400 85 2
1401 83 11
1402 85 46
1403 85 3
1404 81 20
1405 83 12
1406 34 4
1407 85 50
1408 85 4
1409 64 37
1410 82 21
1411 69 5
1412 82 22
1413 82 23
1414 21 60
1415 83 13
1416 21 58
1417 27 17
1418 86 0
1419 86 47
1420 86 51
1421 19 43
1422 84 5
1423 86 1
1424 66 20
1425 67 21
1426 86 2
1427 12 73
1428 84 6
1429 70 8
1430 86 52
1431 86 3
1432 86 4
1433 87 0
1434 68 24
1435 86 53
1436 87 54
1437 87 55
1438 87 1
1439 23 28
1440 83 24
1441 71 9
1442 87 56
1443 87 2
1444 83 25
1445 87 57
1446 84 7
1447 84 14
1448 84 15
1449 83 26
1450 87 58
1451 6 7
1452 84 16
1453 87 59
1454 87 60
1455 87 61
1456 87 3
1457 88 62
1458 88 63
1459 84 17
1460 89 48
1461 21 16
1462 83 27
1463 87 4
1464 88 0
1465 83 28
1466 83 29
1467 84 18
1468 88 1
1469 32 3
1470 69 37
1471 88 2
1472 89 64
1473 88 3
1474 88 4
1475 30 4
1476 89 65
1477 89 0
1478 85 8
1479 89 66
1480 83 30
1481 85 19
1482 86 9
1483 89 67
1484 89 1
1485 83 31
1486 83 32
1487 89 2
1488 83 33
1489 30 3
1490 86 10
1491 83 34
1492 86 11
1493 89 3
1494 86 12
1495 89 4
1496 83 35
1497 86 13
1498 89 68
1499 83 36
1500 90 0
1501 87 5
1502 89 69
1503 87 6
1504 84 37
1505 87 7
1506 90 1
1507 87 14
1508 84 38
1509 90 49
1510 90 2
1511 87 15
1512 90 70
1513 87 16
1514 1 0
1515 2 47
1516 2 6
1517 8 4
1518 8 0
1519 8 2
1520 8 24
1521 9 2
1522 8 12
1523 8 33
1524 8 29
1525 8 52
1526 9 38
1527 10 8
1528 13 25
1529 13 31
1530 90 3
1531 18 24
1532 90 4
1533 18 28
1534 18 4
1535 87 17
1536 20 3
1537 11 64
1538 10 0
1539 23 48
1540 26 4
1541 9 59
1542 9 0
1543 9 54
1544 9 60
1545 84 39
1546 84 40
1547 84 41
1548 18 17
1549 18 16
1550 14 51
1551 87 18
1552 88 8
1553 14 0
1554 29 12
1555 29 10
1556 29 67
1557 90 71
1558 88 19
1559 29 3
1560 15 0
1561 84 42
1562 15 5
1563 84 43
1564 89 9
1565 89 10
1566 27 16
1567 15 4
1568 23 33
1569 18 3
1570 84 44
1571 33 18
1572 20 51
1573 18 33
1574 18 49
1575 18 25
1576 18 2
1577 35 1
1578 90 72
1579 24 14
1580 91 0
1581 24 41
1582 89 11
1583 91 1
1584 89 12
1585 24 39
1586 90 73
1587 89 13
1588 33 30
1589 91 2
1590 86 20
1591 32 2
1592 34 3
1593 87 21
1594 87 22
1595 16 63
1596 87 23
1597 91 3
1598 88 24
1599 91 4
1600 92 0
1601 33 26
1602 32 23
1603 90 74
1604 38 0
1605 91 45
1606 88 25
1607 38 12
1608 92 1
1609 90 5
1610 88 26
1611 88 27
1612 91 46
1613 33 16
1614 29 11
1615 30 1
1616 29 41
1617 92 2
1618 92 3
1619 22 23
1620 88 28
1621 23 65
1622 22 3
1623 88 29
1624 88 30
1625 88 31
1626 22 21
1627 23 68
1628 92 4
1629 28 30
1630 13 35
1631 90 6
1632 88 32
1633 91 50
1634 88 33
1635 18 15
1636 88 34
1637 92 47
1638 93 0
1639 20 2
1640 24 4
1641 93 1
1642 88 35
1643 18 30
1644 93 2
1645 26 13
1646 90 7
1647 23 3
1648 24 6
1649 93 3
1650 34 2
1651 90 14
1652 92 51
1653 90 15
1654 28 28
1655 92 52
1656 88 36
1657 93 4
1658 28 32
1659 89 37
1660 94 0
1661 90 16
1662 32 47
1663 94 1
1664 92 53
1665 93 54
1666 32 12
1667 90 17
1668 89 38
1669 93 55
1670 89 39
1671 94 2
1672 90 18
1673 37 19
1674 89 40
1675 89 41
1676 94 3
1677 93 56
1678 30 6
1679 89 42
1680 91 8
1681 94 4
1682 89 43
1683 24 73
1684 91 19
1685 93 57
1686 92 9
1687 89 44
1688 95 0
1689 92 10
1690 91 20
1691 30 5
1692 92 21
1693 92 11
1694 92 12
1695 92 13
1696 93 5
1697 15 18
1698 95 1
1699 93 6
1700 92 22
1701 92 23
1702 93 58
1703 93 7
1704 93 24
1705 93 25
1706 10 19
1707 93 26
1708 10 62
1709 93 14
1710 93 27
1711 93 28
1712 10 1
1713 93 59
1714 93 29
1715 93 60
1716 93 15
1717 23 32
1718 93 30
1719 93 31
1720 33 34
1721 93 32
1722 93 16
1723 23 29
1724 95 2
1725 23 2
1726 93 33
1727 93 34
1728 93 35
1729 93 61
1730 93 36
1731 9 57
1732 9 16
1733 9 17
1734 9 61
1735 9 18
1736 93 17
1737 94 37
1738 94 62
1739 95 3
1740 93 18
1741 94 63
1742 94 8
1743 94 38
1744 95 48
1745 94 19
1746 95 9
1747 95 4
1748 95 10
1749 96 0
1750 94 39
1751 94 40
1752 95 64
1753 95 65
1754 95 66
1755 40 0
1756 95 11
1757 94 41
1758 94 42
1759 96 1
1760 95 67
1761 95 68
1762 96 2
1763 95 69
1764 95 12
1765 96 49
1766 95 13
1767 94 43
1768 94 44
1769 96 70
1770 96 5
1771 96 20
1772 29 43
1773 27 7
1774 96 71
1775 96 6
1776 96 7
1777 96 72
1778 96 14
1779 96 3
1780 28 35
1781 48 71
1782 54 39
1783 96 4
1784 96 15
1785 97 0
1786 43 29
1787 96 16
1788 44 53
1789 97 1
1790 96 17
1791 45 7
1792 42 71
1793 42 7
1794 97 2
1795 41 11
1796 39 56
1797 97 3
1798 49 2
1799 38 52
1800 48 3
1801 39 14
1802 47 2
1803 37 50
1804 42 2
1805 38 32
1806 41 2
1807 40 2
1808 36 73
1809 39 4
1810 34 39
1811 35 67
