// The next line is the dfg name
random4_4type_uniform
// The next lines are FU parameters given as:
// <FU type>  <resource constraint>  <# of FUs used>  <FU delay>
ADD 3 3 1
MUL 9 9 3
DIV 15 15 5
SQRT 18 18 6
actual latency 90
0 1 12
1 6 31
2 12 7
3 12 6
4 12 0
5 12 31
6 12 12
7 13 2
8 12 5
9 15 5
10 15 22
11 17 12
12 13 32
13 13 0
14 13 33
15 22 3
16 22 17
17 31 3
18 31 8
19 40 16
20 27 2
21 14 13
22 14 1
23 14 10
24 14 19
25 14 11
26 14 0
27 14 20
28 14 15
29 14 36
30 21 25
31 18 28
32 31 9
33 17 17
34 19 1
35 20 1
36 34 3
37 40 22
38 19 19
39 42 28
40 42 29
41 19 9
42 26 1
43 24 2
44 42 30
45 18 30
46 34 8
47 22 2
48 43 0
49 22 44
50 24 29
51 40 23
52 42 31
53 22 8
54 30 5
55 34 9
56 35 10
57 43 32
58 35 0
59 37 34
60 43 33
61 40 24
62 38 2
63 25 3
64 19 13
65 38 36
66 30 6
67 35 11
68 43 34
69 35 24
70 40 27
71 40 3
72 43 14
73 45 41
74 15 23
75 15 6
76 15 41
77 15 42
78 15 4
79 15 24
80 43 18
81 19 2
82 45 42
83 43 1
84 19 34
85 19 32
86 40 8
87 46 27
88 43 2
89 26 2
90 44 0
91 44 1
92 45 16
93 24 19
94 40 9
95 43 3
96 24 28
97 20 11
98 43 8
99 43 9
100 45 22
101 25 2
102 44 10
103 31 1
104 39 13
105 45 23
106 46 43
107 22 0
108 21 5
109 44 2
110 38 40
111 26 39
112 45 24
113 26 25
114 30 16
115 33 2
116 24 30
117 46 44
118 44 11
119 34 0
120 30 4
121 48 28
122 32 37
123 48 29
124 24 1
125 46 25
126 45 4
127 24 4
128 46 26
129 45 5
130 29 0
131 45 0
132 30 28
133 48 30
134 47 12
135 45 6
136 47 17
137 45 7
138 45 1
139 45 2
140 46 0
141 38 38
142 30 30
143 48 14
144 46 1
145 46 2
146 48 31
147 47 0
148 46 3
149 49 32
150 25 22
151 23 11
152 33 42
153 47 1
154 47 2
155 49 33
156 48 18
157 48 0
158 48 1
159 24 5
160 46 8
161 46 9
162 24 31
163 48 2
164 24 6
165 49 13
166 24 7
167 26 40
168 47 10
169 49 15
170 47 11
171 49 19
172 49 0
173 48 4
174 49 1
175 49 2
176 36 30
177 49 34
178 50 0
179 36 25
180 48 5
181 50 35
182 49 20
183 36 2
184 36 1
185 50 36
186 49 21
187 35 2
188 27 1
189 50 1
190 30 2
191 28 9
192 50 16
193 50 37
194 50 2
195 48 6
196 50 22
197 36 5
198 51 0
199 48 7
200 51 1
201 49 3
202 50 23
203 51 2
204 50 24
205 49 8
206 49 9
207 52 0
208 50 38
209 50 39
210 50 40
211 52 1
212 41 0
213 51 4
214 51 5
215 15 7
216 52 2
217 51 6
218 51 25
219 53 0
220 51 7
221 52 3
222 51 26
223 25 8
224 22 9
225 52 12
226 52 17
227 53 14
228 51 41
229 28 18
230 53 1
231 51 42
232 30 24
233 52 8
234 53 2
235 53 18
236 54 13
237 28 1
238 54 15
239 54 19
240 28 44
241 54 0
242 52 27
243 42 17
244 54 1
245 54 2
246 52 9
247 52 43
248 55 0
249 55 1
250 41 1
251 55 2
252 42 4
253 53 10
254 56 0
255 54 20
256 27 41
257 33 41
258 54 21
259 56 1
260 52 44
261 55 16
262 33 5
263 54 28
264 56 2
265 55 22
266 18 2
267 39 6
268 39 5
269 55 23
270 54 29
271 39 7
272 53 11
273 54 30
274 54 31
275 57 0
276 57 1
277 55 32
278 54 4
279 54 5
280 55 24
281 33 1
282 55 33
283 55 34
284 57 2
285 56 25
286 56 26
287 54 6
288 54 7
289 55 3
290 57 12
291 57 17
292 58 0
293 58 14
294 58 18
295 55 8
296 55 9
297 56 10
298 59 13
299 56 35
300 56 11
301 39 19
302 58 1
303 58 2
304 56 36
305 59 0
306 1 3
307 4 3
308 4 13
309 4 28
310 4 1
311 4 0
312 5 4
313 10 27
314 5 29
315 8 14
316 16 8
317 16 26
318 16 44
319 16 3
320 16 9
321 16 25
322 16 43
323 11 0
324 19 0
325 12 4
326 59 15
327 12 28
328 19 8
329 21 7
330 20 22
331 56 37
332 20 37
333 56 38
334 59 1
335 19 21
336 18 0
337 31 2
338 18 4
339 57 4
340 59 19
341 25 33
342 30 23
343 25 34
344 39 1
345 37 33
346 27 7
347 56 39
348 56 40
349 9 15
350 19 3
351 59 2
352 34 27
353 34 43
354 25 1
355 22 12
356 9 13
357 59 20
358 57 5
359 57 6
360 21 41
361 21 0
362 14 2
363 14 21
364 14 35
365 14 38
366 14 39
367 27 42
368 28 14
369 27 12
370 57 41
371 27 0
372 57 7
373 59 21
374 58 3
375 60 16
376 30 0
377 28 43
378 58 8
379 58 9
380 32 36
381 59 10
382 60 0
383 38 18
384 29 19
385 57 42
386 23 14
387 26 37
388 22 1
389 22 27
390 60 22
391 23 0
392 59 11
393 58 27
394 32 39
395 60 23
396 58 43
397 24 21
398 32 40
399 31 0
400 38 39
401 40 2
402 22 43
403 60 4
404 32 0
405 32 1
406 60 24
407 32 17
408 60 5
409 32 35
410 61 25
411 58 44
412 33 14
413 34 20
414 60 1
415 27 4
416 39 15
417 61 26
418 60 28
419 62 12
420 60 29
421 38 35
422 38 11
423 38 10
424 41 25
425 60 6
426 28 27
427 60 30
428 62 17
429 63 14
430 37 32
431 26 36
432 60 7
433 60 31
434 61 32
435 31 32
436 31 26
437 60 2
438 61 3
439 31 34
440 38 37
441 61 0
442 61 8
443 63 18
444 64 13
445 36 7
446 37 1
447 61 1
448 38 14
449 61 9
450 37 17
451 61 33
452 36 29
453 36 6
454 62 10
455 62 11
456 35 1
457 33 7
458 61 34
459 64 15
460 33 0
461 33 6
462 64 19
463 62 35
464 28 0
465 62 36
466 64 20
467 42 12
468 62 37
469 33 18
470 33 4
471 63 4
472 62 38
473 63 5
474 62 39
475 61 2
476 44 36
477 62 0
478 44 13
479 44 35
480 44 38
481 63 6
482 63 7
483 64 21
484 30 22
485 65 16
486 65 22
487 64 3
488 65 23
489 65 24
490 30 31
491 64 8
492 66 25
493 62 1
494 62 2
495 63 0
496 62 40
497 64 9
498 66 26
499 37 12
500 63 1
501 37 3
502 63 2
503 63 41
504 20 39
505 20 2
506 67 12
507 21 2
508 20 24
509 20 23
510 64 0
511 65 10
512 67 17
513 64 1
514 64 2
515 65 11
516 50 10
517 66 4
518 66 5
519 65 0
520 66 6
521 65 1
522 63 42
523 36 0
524 28 2
525 29 20
526 28 8
527 34 19
528 68 14
529 64 27
530 65 2
531 66 0
532 64 43
533 68 18
534 14 37
535 66 1
536 14 40
537 66 2
538 67 0
539 67 1
540 69 13
541 69 15
542 66 7
543 67 3
544 37 8
545 64 44
546 69 19
547 42 7
548 42 1
549 67 2
550 66 28
551 68 0
552 68 1
553 66 29
554 32 11
555 39 20
556 66 30
557 67 8
558 67 9
559 68 10
560 68 2
561 69 20
562 66 31
563 67 32
564 68 11
565 69 4
566 69 21
567 69 0
568 69 5
569 67 33
570 67 34
571 41 10
572 41 2
573 41 26
574 44 20
575 69 6
576 44 19
577 44 37
578 69 7
579 70 3
580 69 1
581 44 15
582 69 2
583 5 30
584 70 16
585 70 0
586 70 22
587 70 23
588 32 2
589 70 24
590 70 1
591 70 2
592 71 0
593 70 8
594 50 11
595 71 25
596 71 26
597 70 9
598 71 1
599 71 2
600 72 0
601 71 10
602 72 1
603 68 35
604 68 36
605 1 27
606 7 3
607 10 16
608 40 0
609 10 3
610 13 14
611 7 12
612 12 2
613 15 2
614 12 17
615 12 29
616 18 29
617 23 2
618 18 1
619 72 12
620 20 38
621 25 0
622 18 18
623 19 20
624 12 30
625 39 0
626 68 37
627 15 16
628 13 1
629 13 34
630 15 0
631 13 18
632 15 1
633 13 9
634 13 3
635 13 8
636 72 17
637 72 2
638 73 14
639 19 15
640 73 18
641 20 16
642 20 10
643 20 40
644 20 35
645 20 0
646 25 9
647 71 11
648 16 27
649 16 1
650 68 38
651 72 4
652 68 39
653 16 0
654 35 23
655 35 16
656 73 0
657 23 18
658 23 1
659 23 10
660 26 0
661 68 40
662 25 16
663 34 2
664 24 0
665 21 1
666 21 42
667 38 1
668 21 4
669 18 31
670 25 32
671 17 1
672 69 41
673 74 13
674 17 10
675 17 11
676 16 2
677 18 5
678 24 13
679 72 5
680 24 15
681 73 1
682 25 23
683 34 1
684 25 24
685 73 2
686 26 26
687 69 42
688 27 17
689 72 6
690 70 27
691 26 10
692 27 5
693 39 42
694 70 43
695 74 15
696 72 7
697 74 19
698 34 44
699 74 0
700 74 1
701 29 11
702 74 20
703 30 1
704 29 2
705 74 21
706 30 29
707 74 2
708 75 16
709 36 4
710 70 44
711 36 31
712 73 3
713 75 22
714 75 0
715 28 3
716 73 8
717 40 1
718 19 33
719 75 23
720 72 28
721 18 6
722 21 26
723 72 29
724 73 9
725 39 4
726 21 6
727 74 10
728 75 24
729 42 0
730 75 1
731 31 25
732 74 11
733 72 30
734 24 20
735 40 44
736 75 2
737 26 38
738 76 0
739 37 0
740 76 25
741 72 31
742 36 28
743 75 4
744 76 26
745 36 26
746 75 5
747 77 12
748 31 33
749 77 17
750 76 1
751 76 2
752 32 38
753 34 21
754 73 32
755 75 6
756 29 10
757 29 21
758 73 33
759 17 0
760 18 14
761 78 14
762 73 34
763 77 0
764 78 18
765 32 10
766 18 7
767 74 35
768 74 36
769 75 7
770 74 37
771 40 43
772 29 15
773 79 13
774 79 15
775 76 3
776 77 1
777 42 2
778 42 5
779 74 38
780 42 6
781 44 21
782 77 2
783 78 0
784 41 11
785 76 8
786 78 1
787 76 9
788 79 19
789 78 2
790 74 39
791 32 12
792 29 13
793 29 1
794 79 0
795 74 40
796 30 7
797 26 11
798 79 1
799 79 20
800 79 21
801 79 2
802 27 6
803 77 10
804 77 11
805 80 16
806 35 22
807 80 22
808 34 13
809 75 41
810 78 4
811 80 0
812 80 23
813 80 1
814 75 42
815 80 2
816 39 2
817 76 27
818 78 5
819 80 24
820 20 36
821 81 0
822 78 6
823 38 0
824 78 7
825 76 43
826 76 44
827 78 28
828 79 3
829 39 41
830 81 25
831 79 8
832 79 9
833 78 29
834 81 26
835 78 30
836 82 12
837 81 1
838 82 17
839 78 31
840 81 2
841 83 14
842 26 35
843 79 32
844 44 39
845 44 40
846 82 0
847 80 10
848 82 1
849 83 18
850 79 33
851 17 2
852 80 11
853 12 1
854 79 34
855 81 4
856 84 13
857 82 2
858 83 0
859 81 5
860 81 6
861 81 7
862 82 3
863 82 8
864 34 15
865 84 15
866 83 1
867 39 21
868 80 35
869 80 36
870 82 9
871 80 37
872 83 2
873 80 38
874 84 0
875 84 1
876 80 39
877 83 10
878 80 40
879 81 41
880 37 9
881 37 2
882 83 11
883 81 42
884 84 19
885 82 27
886 84 4
887 84 5
888 82 43
889 84 2
890 85 0
891 84 6
892 85 1
893 82 44
894 84 28
895 84 29
896 84 7
897 84 30
898 84 20
899 84 21
900 85 2
901 85 3
902 84 31
903 85 32
904 85 16
905 86 0
