// The next line is the dfg name
random6_4type_invdelay
// The next lines are FU parameters given as:
// <FU type>  <resource constraint>  <# of FUs used>  <FU delay>
ADD 17 17 1
MUL 17 17 3
DIV 18 18 5
SQRT 18 18 6
actual latency 67
0 1 0
1 2 0
2 3 18
3 6 5
4 44 25
5 6 9
6 6 6
7 10 22
8 6 2
9 6 15
10 6 39
11 6 3
12 60 0
13 7 17
14 7 14
15 28 19
16 7 48
17 13 12
18 31 1
19 7 67
20 7 3
21 7 6
22 7 2
23 23 8
24 7 23
25 7 49
26 7 50
27 11 56
28 7 22
29 20 16
30 8 53
31 8 31
32 31 2
33 8 69
34 8 26
35 8 15
36 28 3
37 13 23
38 28 20
39 28 4
40 8 6
41 8 27
42 27 5
43 27 6
44 7 21
45 28 21
46 7 51
47 7 68
48 7 46
49 28 22
50 9 3
51 17 25
52 17 8
53 17 47
54 17 43
55 27 7
56 26 8
57 14 53
58 25 9
59 11 4
60 25 10
61 18 12
62 12 48
63 11 30
64 11 2
65 13 15
66 28 23
67 25 11
68 10 12
69 25 12
70 10 6
71 10 5
72 11 34
73 25 13
74 25 14
75 25 15
76 25 24
77 25 16
78 12 2
79 25 4
80 26 9
81 21 41
82 20 69
83 26 10
84 20 27
85 15 36
86 26 11
87 23 32
88 26 12
89 26 31
90 14 28
91 26 13
92 26 32
93 26 14
94 19 52
95 26 15
96 22 49
97 19 64
98 26 16
99 9 15
100 27 8
101 27 9
102 23 6
103 28 24
104 27 10
105 16 39
106 19 65
107 16 3
108 16 20
109 27 11
110 29 26
111 19 66
112 27 12
113 27 13
114 29 27
115 26 37
116 27 14
117 11 3
118 11 31
119 27 15
120 11 38
121 11 13
122 27 16
123 11 12
124 29 28
125 28 5
126 21 7
127 29 29
128 29 30
129 21 8
130 29 31
131 28 6
132 28 7
133 28 8
134 20 9
135 11 9
136 16 6
137 27 43
138 12 33
139 20 25
140 15 3
141 23 3
142 28 9
143 19 67
144 18 5
145 27 44
146 11 7
147 28 10
148 19 68
149 28 11
150 26 39
151 29 32
152 15 16
153 28 12
154 24 62
155 12 10
156 30 33
157 25 52
158 28 13
159 28 14
160 28 15
161 25 64
162 25 65
163 26 40
164 25 66
165 25 67
166 17 11
167 28 16
168 31 3
169 29 4
170 26 41
171 26 42
172 17 7
173 29 5
174 31 19
175 29 6
176 29 7
177 29 8
178 22 51
179 27 45
180 29 9
181 31 20
182 29 10
183 18 4
184 29 11
185 29 12
186 17 15
187 29 13
188 17 14
189 13 8
190 29 14
191 29 15
192 31 21
193 31 22
194 29 16
195 31 23
196 27 46
197 31 24
198 30 4
199 27 47
200 12 8
201 30 5
202 32 26
203 30 6
204 12 61
205 18 10
206 30 7
207 30 8
208 32 27
209 32 28
210 25 68
211 26 53
212 30 9
213 20 28
214 30 10
215 30 11
216 27 48
217 30 12
218 26 69
219 30 13
220 30 14
221 30 15
222 30 16
223 31 4
224 25 17
225 32 29
226 32 30
227 24 10
228 31 5
229 31 6
230 31 7
231 31 8
232 13 5
233 27 49
234 27 50
235 31 9
236 31 10
237 27 54
238 14 27
239 31 11
240 31 12
241 14 13
242 29 55
243 32 31
244 31 13
245 31 14
246 31 15
247 27 51
248 29 56
249 32 32
250 31 16
251 31 38
252 29 57
253 32 1
254 32 43
255 32 2
256 32 3
257 30 58
258 32 4
259 32 5
260 32 6
261 19 6
262 32 7
263 32 8
264 30 59
265 30 60
266 33 33
267 32 9
268 32 44
269 35 26
270 32 10
271 32 45
272 32 11
273 32 12
274 35 27
275 30 61
276 32 13
277 32 14
278 31 40
279 32 15
280 32 16
281 33 1
282 33 2
283 33 3
284 33 4
285 31 41
286 34 21
287 30 62
288 31 42
289 33 5
290 33 6
291 33 7
292 33 8
293 33 9
294 33 10
295 34 22
296 33 11
297 30 63
298 34 23
299 34 24
300 31 52
301 33 12
302 1 52
303 7 43
304 12 0
305 12 18
306 33 13
307 17 46
308 13 3
309 17 49
310 13 17
311 13 52
312 13 0
313 15 11
314 15 4
315 31 64
316 15 54
317 15 0
318 19 1
319 33 14
320 14 11
321 33 15
322 15 12
323 16 38
324 14 0
325 17 56
326 16 7
327 16 4
328 16 0
329 16 1
330 33 16
331 17 55
332 20 36
333 34 1
334 22 10
335 16 17
336 25 3
337 17 0
338 34 2
339 35 28
340 23 0
341 23 2
342 35 29
343 19 0
344 34 3
345 19 17
346 21 38
347 7 8
348 17 10
349 34 4
350 34 5
351 26 25
352 31 65
353 8 16
354 20 53
355 20 0
356 20 26
357 9 10
358 21 54
359 22 22
360 24 59
361 34 6
362 32 46
363 22 44
364 18 18
365 21 2
366 24 16
367 35 30
368 34 7
369 31 66
370 22 48
371 21 0
372 23 56
373 22 47
374 32 47
375 25 36
376 35 31
377 24 6
378 24 15
379 24 18
380 31 67
381 35 32
382 36 33
383 22 0
384 22 2
385 24 14
386 24 13
387 23 55
388 32 48
389 34 8
390 32 49
391 34 9
392 24 12
393 24 35
394 34 10
395 34 11
396 23 25
397 37 19
398 34 12
399 31 68
400 34 13
401 32 53
402 22 1
403 37 20
404 34 14
405 16 10
406 31 34
407 32 50
408 37 21
409 23 26
410 34 15
411 32 69
412 32 51
413 34 16
414 18 3
415 16 42
416 34 35
417 24 5
418 38 1
419 26 34
420 38 2
421 24 0
422 24 58
423 35 3
424 37 22
425 35 4
426 25 19
427 25 0
428 25 2
429 37 23
430 35 5
431 30 36
432 35 6
433 35 7
434 15 14
435 37 24
436 35 36
437 14 3
438 35 8
439 36 34
440 22 8
441 22 3
442 35 9
443 38 26
444 23 5
445 38 27
446 36 37
447 38 28
448 35 10
449 35 11
450 24 61
451 36 38
452 35 12
453 38 29
454 35 13
455 36 39
456 21 5
457 35 14
458 35 15
459 15 33
460 38 30
461 38 31
462 23 16
463 16 41
464 38 32
465 39 33
466 15 5
467 26 0
468 26 3
469 33 54
470 35 16
471 37 3
472 35 55
473 36 4
474 31 37
475 36 5
476 36 6
477 30 0
478 36 7
479 40 19
480 27 18
481 36 8
482 40 20
483 35 0
484 40 21
485 36 9
486 36 10
487 40 22
488 36 11
489 40 23
490 36 40
491 29 0
492 29 35
493 36 12
494 36 13
495 36 41
496 35 56
497 40 24
498 36 14
499 36 15
500 41 26
501 36 16
502 37 4
503 35 57
504 41 27
505 37 5
506 36 42
507 37 43
508 37 6
509 41 28
510 37 7
511 37 8
512 36 58
513 26 1
514 26 5
515 26 26
516 36 1
517 36 0
518 37 9
519 37 10
520 37 11
521 41 29
522 36 59
523 27 1
524 41 30
525 27 2
526 36 60
527 37 12
528 37 13
529 41 31
530 37 44
531 37 14
532 37 45
533 36 61
534 41 32
535 37 15
536 37 46
537 37 16
538 42 33
539 38 3
540 38 4
541 38 5
542 38 6
543 38 7
544 38 8
545 37 47
546 38 9
547 38 10
548 36 62
549 38 11
550 43 19
551 38 12
552 38 13
553 43 20
554 30 1
555 38 14
556 38 15
557 43 21
558 37 0
559 38 16
560 39 1
561 39 2
562 43 22
563 39 3
564 39 4
565 43 23
566 43 24
567 39 5
568 37 48
569 39 6
570 39 7
571 39 8
572 39 9
573 37 49
574 39 10
575 39 11
576 34 17
577 37 50
578 36 63
579 39 12
580 44 26
581 44 27
582 39 13
583 39 14
584 44 28
585 39 15
586 44 29
587 39 16
588 44 30
589 37 52
590 37 51
591 39 35
592 40 1
593 40 2
594 37 64
595 40 3
596 40 4
597 37 65
598 44 31
599 37 66
600 37 67
601 40 5
602 40 6
603 40 7
604 44 32
605 37 68
606 40 8
607 1 34
608 6 18
609 6 10
610 6 0
611 6 58
612 6 33
613 9 6
614 7 0
615 7 45
616 16 16
617 7 44
618 10 21
619 45 18
620 7 5
621 45 33
622 9 8
623 13 22
624 38 53
625 23 15
626 40 9
627 9 9
628 8 0
629 8 29
630 8 1
631 23 14
632 12 62
633 9 0
634 40 10
635 12 4
636 12 1
637 38 69
638 12 5
639 12 45
640 40 11
641 12 60
642 12 7
643 10 9
644 10 0
645 40 12
646 40 13
647 10 14
648 10 20
649 10 13
650 40 14
651 46 17
652 23 13
653 40 15
654 11 16
655 11 6
656 11 55
657 40 16
658 41 1
659 41 2
660 39 54
661 41 3
662 17 48
663 41 4
664 41 5
665 14 69
666 12 46
667 8 8
668 41 6
669 40 36
670 9 5
671 10 11
672 9 11
673 41 7
674 12 13
675 13 4
676 13 13
677 10 4
678 10 8
679 41 8
680 23 12
681 17 12
682 41 9
683 12 50
684 46 19
685 14 4
686 41 10
687 14 14
688 41 34
689 41 55
690 14 5
691 41 11
692 41 56
693 14 35
694 13 65
695 41 12
696 12 9
697 41 13
698 22 16
699 18 61
700 41 14
701 41 15
702 13 14
703 21 39
704 46 20
705 22 15
706 41 16
707 46 21
708 17 5
709 22 14
710 17 2
711 17 4
712 41 37
713 22 13
714 11 15
715 42 1
716 46 22
717 21 16
718 22 46
719 46 23
720 18 1
721 20 31
722 18 58
723 42 2
724 17 31
725 42 3
726 16 34
727 46 24
728 13 7
729 47 25
730 42 4
731 13 21
732 23 29
733 11 41
734 11 27
735 41 38
736 42 5
737 21 15
738 21 14
739 18 63
740 41 57
741 42 6
742 21 13
743 42 58
744 16 21
745 42 7
746 42 8
747 42 9
748 42 10
749 42 11
750 42 12
751 41 39
752 24 2
753 19 21
754 42 13
755 47 26
756 42 14
757 42 15
758 42 16
759 43 1
760 42 59
761 43 2
762 42 60
763 22 45
764 43 3
765 21 37
766 43 4
767 23 28
768 22 4
769 23 27
770 22 7
771 43 5
772 43 6
773 43 7
774 47 27
775 43 8
776 25 1
777 10 3
778 43 9
779 17 13
780 43 10
781 47 28
782 43 11
783 21 12
784 10 10
785 24 60
786 21 40
787 21 11
788 43 12
789 19 20
790 11 26
791 43 13
792 43 14
793 22 17
794 22 20
795 22 11
796 43 15
797 43 16
798 13 9
799 41 40
800 47 29
801 44 1
802 26 28
803 14 32
804 44 2
805 44 3
806 13 6
807 41 41
808 44 4
809 47 30
810 44 5
811 44 6
812 42 61
813 44 7
814 44 8
815 44 9
816 47 31
817 14 31
818 21 10
819 19 5
820 44 10
821 42 62
822 26 4
823 44 11
824 44 12
825 44 13
826 44 14
827 42 63
828 26 27
829 41 42
830 47 32
831 48 18
832 44 15
833 44 16
834 45 1
835 45 2
836 43 52
837 14 7
838 43 64
839 42 43
840 14 6
841 43 65
842 14 30
843 43 66
844 42 44
845 45 3
846 15 6
847 45 4
848 48 33
849 45 5
850 45 6
851 45 7
852 43 67
853 25 20
854 45 8
855 49 17
856 45 9
857 49 19
858 43 68
859 45 10
860 45 11
861 44 53
862 49 20
863 45 12
864 45 13
865 49 21
866 49 22
867 49 23
868 44 69
869 42 45
870 45 14
871 49 24
872 45 15
873 45 16
874 42 46
875 46 1
876 46 2
877 42 47
878 46 3
879 42 48
880 50 25
881 50 26
882 46 4
883 46 5
884 50 27
885 50 28
886 42 49
887 46 6
888 46 7
889 46 8
890 46 9
891 42 50
892 46 10
893 46 11
894 46 12
895 45 54
896 28 17
897 46 13
898 46 14
899 46 15
900 46 16
901 47 1
902 47 2
903 47 3
904 47 55
905 47 4
906 42 51
907 47 5
908 1 17
909 4 0
910 5 0
911 4 20
912 6 1
913 7 1
914 8 11
915 8 2
916 8 5
917 8 12
918 47 56
919 9 35
920 23 30
921 8 4
922 47 6
923 9 18
924 4 35
925 14 25
926 22 24
927 17 1
928 47 7
929 17 27
930 17 57
931 5 7
932 13 68
933 47 8
934 9 1
935 47 9
936 26 29
937 9 33
938 18 0
939 47 10
940 12 6
941 12 14
942 12 3
943 12 44
944 44 35
945 10 1
946 9 14
947 9 12
948 47 11
949 11 5
950 11 57
951 20 8
952 47 12
953 47 13
954 47 14
955 47 57
956 17 44
957 17 3
958 19 2
959 50 29
960 19 19
961 21 9
962 19 24
963 45 36
964 16 40
965 13 10
966 48 58
967 50 30
968 47 15
969 47 16
970 48 1
971 13 2
972 13 64
973 48 2
974 13 66
975 46 34
976 48 3
977 20 3
978 20 6
979 21 42
980 20 4
981 27 33
982 20 7
983 48 4
984 50 31
985 23 4
986 48 5
987 48 6
988 23 1
989 48 59
990 12 16
991 9 7
992 22 21
993 21 3
994 48 7
995 48 60
996 16 12
997 14 8
998 14 2
999 14 15
1000 14 10
1001 46 37
1002 20 13
1003 48 8
1004 48 9
1005 18 2
1006 48 10
1007 48 11
1008 48 12
1009 10 19
1010 46 38
1011 48 61
1012 48 13
1013 24 33
1014 24 9
1015 48 62
1016 48 14
1017 48 15
1018 46 39
1019 24 4
1020 48 16
1021 49 1
1022 25 22
1023 49 2
1024 46 40
1025 7 24
1026 7 15
1027 17 50
1028 25 6
1029 19 3
1030 49 3
1031 49 4
1032 22 9
1033 49 5
1034 29 25
1035 49 6
1036 49 7
1037 49 8
1038 46 41
1039 19 35
1040 15 2
1041 48 63
1042 17 32
1043 49 9
1044 50 32
1045 49 52
1046 15 10
1047 16 14
1048 49 10
1049 49 11
1050 49 64
1051 20 29
1052 20 12
1053 31 17
1054 26 6
1055 49 12
1056 49 13
1057 49 65
1058 30 18
1059 49 14
1060 27 3
1061 46 42
1062 51 18
1063 25 7
1064 49 66
1065 47 43
1066 49 15
1067 51 33
1068 49 16
1069 28 1
1070 12 49
1071 13 20
1072 50 1
1073 32 25
1074 50 2
1075 52 17
1076 52 19
1077 20 11
1078 50 3
1079 34 19
1080 50 4
1081 50 5
1082 33 18
1083 30 2
1084 52 20
1085 29 2
1086 50 6
1087 50 7
1088 50 8
1089 50 9
1090 50 10
1091 16 2
1092 50 11
1093 49 67
1094 31 0
1095 50 12
1096 22 5
1097 23 57
1098 49 68
1099 50 13
1100 50 14
1101 35 25
1102 47 44
1103 52 21
1104 50 15
1105 50 16
1106 51 1
1107 24 1
1108 52 22
1109 50 53
1110 36 18
1111 47 45
1112 51 2
1113 32 0
1114 51 3
1115 18 60
1116 37 17
1117 47 46
1118 17 45
1119 51 4
1120 51 5
1121 51 6
1122 50 69
1123 47 47
1124 52 23
1125 51 7
1126 25 21
1127 52 24
1128 51 8
1129 51 9
1130 47 48
1131 51 10
1132 38 25
1133 33 0
1134 22 6
1135 51 11
1136 51 12
1137 51 13
1138 53 25
1139 27 0
1140 28 0
1141 16 24
1142 51 14
1143 47 49
1144 51 15
1145 53 26
1146 51 54
1147 47 50
1148 51 16
1149 52 1
1150 34 0
1151 53 27
1152 47 51
1153 52 2
1154 49 35
1155 29 1
1156 52 3
1157 39 18
1158 52 4
1159 52 5
1160 53 55
1161 50 36
1162 51 34
1163 52 6
1164 40 17
1165 53 56
1166 52 7
1167 35 1
1168 52 8
1169 52 9
1170 52 10
1171 36 2
1172 53 28
1173 52 11
1174 52 12
1175 52 13
1176 53 29
1177 51 37
1178 37 1
1179 52 14
1180 53 30
1181 52 15
1182 52 16
1183 53 1
1184 53 2
1185 53 3
1186 41 25
1187 38 0
1188 53 4
1189 53 5
1190 53 6
1191 53 7
1192 53 8
1193 53 31
1194 53 9
1195 53 10
1196 5 31
1197 53 11
1198 39 0
1199 53 57
1200 53 12
1201 53 32
1202 51 38
1203 53 13
1204 51 39
1205 53 14
1206 54 18
1207 51 40
1208 53 15
1209 1 2
1210 2 1
1211 3 0
1212 3 54
1213 3 1
1214 4 22
1215 4 2
1216 4 21
1217 8 32
1218 5 25
1219 19 16
1220 4 5
1221 4 6
1222 4 3
1223 4 1
1224 4 23
1225 4 17
1226 4 4
1227 5 27
1228 3 2
1229 5 29
1230 5 28
1231 5 26
1232 5 11
1233 5 55
1234 5 12
1235 42 18
1236 4 19
1237 8 9
1238 7 10
1239 5 3
1240 5 36
1241 5 1
1242 5 4
1243 5 13
1244 5 9
1245 5 56
1246 5 32
1247 5 6
1248 5 8
1249 9 13
1250 6 4
1251 5 2
1252 6 37
1253 19 15
1254 7 19
1255 53 16
1256 7 52
1257 7 4
1258 51 41
1259 7 20
1260 5 57
1261 6 16
1262 6 11
1263 6 14
1264 6 40
1265 6 34
1266 5 30
1267 5 5
1268 11 8
1269 54 1
1270 6 62
1271 5 10
1272 54 2
1273 51 42
1274 11 14
1275 40 0
1276 54 3
1277 6 41
1278 6 13
1279 54 4
1280 6 7
1281 9 54
1282 19 14
1283 10 36
1284 54 58
1285 54 5
1286 6 8
1287 54 6
1288 6 38
1289 6 12
1290 54 7
1291 7 66
1292 52 43
1293 54 8
1294 54 9
1295 54 10
1296 7 13
1297 7 9
1298 41 0
1299 15 18
1300 43 17
1301 7 12
1302 54 11
1303 54 12
1304 6 61
1305 54 13
1306 11 28
1307 19 13
1308 54 14
1309 19 12
1310 54 15
1311 12 47
1312 54 33
1313 54 16
1314 55 1
1315 19 11
1316 42 0
1317 7 65
1318 19 10
1319 55 2
1320 4 24
1321 7 47
1322 52 44
1323 13 1
1324 52 45
1325 55 3
1326 12 12
1327 10 24
1328 55 4
1329 55 5
1330 6 59
1331 55 6
1332 10 23
1333 55 7
1334 7 16
1335 7 11
1336 7 7
1337 55 17
1338 7 64
1339 52 46
1340 55 19
1341 6 42
1342 52 47
1343 55 8
1344 55 9
1345 8 14
1346 55 20
1347 2 2
1348 52 48
1349 9 16
1350 10 16
1351 43 0
1352 54 59
1353 13 67
1354 55 10
1355 55 11
1356 14 1
1357 54 60
1358 55 12
1359 55 13
1360 19 9
1361 55 14
1362 55 15
1363 15 8
1364 55 16
1365 44 0
1366 15 1
1367 18 62
1368 55 21
1369 16 37
1370 56 1
1371 52 49
1372 56 2
1373 56 3
1374 52 50
1375 56 4
1376 15 7
1377 56 5
1378 55 22
1379 56 6
1380 14 12
1381 56 7
1382 56 8
1383 8 30
1384 54 61
1385 45 0
1386 56 9
1387 52 51
1388 54 35
1389 56 10
1390 56 11
1391 19 8
1392 56 12
1393 54 62
1394 56 13
1395 56 14
1396 56 15
1397 19 23
1398 46 0
1399 56 16
1400 57 1
1401 57 2
1402 55 36
1403 57 3
1404 55 23
1405 57 4
1406 18 16
1407 54 63
1408 57 5
1409 57 6
1410 57 7
1411 47 0
1412 57 8
1413 57 9
1414 12 51
1415 57 10
1416 12 63
1417 17 16
1418 57 11
1419 56 34
1420 56 37
1421 18 15
1422 57 12
1423 57 13
1424 57 14
1425 55 24
1426 48 0
1427 6 60
1428 57 15
1429 57 16
1430 6 63
1431 58 1
1432 58 2
1433 58 3
1434 58 4
1435 56 38
1436 55 52
1437 56 39
1438 58 5
1439 10 7
1440 58 6
1441 49 0
1442 55 64
1443 58 7
1444 56 25
1445 55 65
1446 58 8
1447 58 9
1448 58 10
1449 58 11
1450 55 66
1451 2 3
1452 58 12
1453 56 40
1454 56 41
1455 56 42
1456 58 13
1457 57 43
1458 57 44
1459 50 0
1460 57 45
1461 16 15
1462 56 26
1463 58 14
1464 58 15
1465 58 16
1466 56 27
1467 59 1
1468 59 2
1469 13 16
1470 56 28
1471 59 3
1472 55 67
1473 59 4
1474 59 5
1475 11 10
1476 55 68
1477 51 0
1478 59 6
1479 56 29
1480 56 30
1481 59 7
1482 59 8
1483 56 53
1484 59 9
1485 59 10
1486 59 11
1487 59 12
1488 56 31
1489 13 11
1490 52 0
1491 56 32
1492 59 13
1493 59 14
1494 59 15
1495 59 16
1496 60 1
1497 60 2
1498 57 46
1499 57 18
1500 60 3
1501 60 4
1502 56 69
1503 53 0
1504 57 33
1505 5 14
1506 60 5
1507 60 6
1508 58 17
1509 57 47
1510 60 7
1511 60 8
1512 57 48
1513 60 9
1514 1 1
1515 2 53
1516 2 4
1517 8 13
1518 8 3
1519 8 7
1520 8 25
1521 18 14
1522 8 10
1523 10 15
1524 8 28
1525 11 40
1526 9 2
1527 60 10
1528 11 25
1529 11 29
1530 60 11
1531 14 26
1532 54 0
1533 14 9
1534 14 16
1535 60 12
1536 15 15
1537 11 42
1538 60 13
1539 17 26
1540 18 13
1541 57 54
1542 9 4
1543 11 37
1544 57 49
1545 58 19
1546 58 20
1547 60 14
1548 16 13
1549 18 11
1550 11 39
1551 60 15
1552 60 16
1553 10 2
1554 20 5
1555 20 2
1556 21 34
1557 59 55
1558 61 0
1559 20 1
1560 11 1
1561 61 1
1562 11 0
1563 58 21
1564 61 2
1565 55 0
1566 19 7
1567 11 11
1568 14 29
1569 15 9
1570 58 22
1571 22 12
1572 13 24
1573 12 11
1574 12 58
1575 13 19
1576 12 15
1577 26 2
1578 59 56
1579 18 8
1580 61 3
1581 18 7
1582 61 4
1583 61 5
1584 61 6
1585 18 33
1586 57 50
1587 61 7
1588 22 19
1589 61 8
1590 58 23
1591 21 6
1592 20 10
1593 61 9
1594 56 0
1595 12 43
1596 58 24
1597 61 10
1598 59 25
1599 61 11
1600 61 12
1601 21 33
1602 21 18
1603 59 26
1604 24 11
1605 59 57
1606 59 27
1607 24 8
1608 61 13
1609 61 14
1610 59 28
1611 59 29
1612 57 51
1613 23 11
1614 21 1
1615 21 4
1616 22 23
1617 61 15
1618 61 16
1619 17 30
1620 59 30
1621 18 59
1622 17 6
1623 62 0
1624 59 31
1625 59 32
1626 17 29
1627 17 28
1628 57 0
1629 20 32
1630 11 32
1631 62 1
1632 62 2
1633 60 58
1634 60 18
1635 18 9
1636 60 33
1637 59 35
1638 62 3
1639 16 11
1640 15 13
1641 62 4
1642 61 17
1643 16 19
1644 62 5
1645 20 14
1646 62 6
1647 16 9
1648 16 5
1649 62 7
1650 20 15
1651 58 0
1652 60 36
1653 62 8
1654 20 30
1655 61 34
1656 61 19
1657 62 9
1658 23 10
1659 62 10
1660 62 11
1661 62 12
1662 22 43
1663 62 13
1664 61 37
1665 60 59
1666 23 9
1667 62 14
1668 62 15
1669 60 60
1670 61 20
1671 59 0
1672 62 16
1673 24 3
1674 63 0
1675 63 1
1676 63 2
1677 60 61
1678 19 4
1679 63 3
1680 63 4
1681 63 5
1682 61 21
1683 16 22
1684 63 6
1685 61 38
1686 63 7
1687 63 8
1688 63 9
1689 63 10
1690 61 22
1691 24 7
1692 61 23
1693 63 11
1694 63 12
1695 63 13
1696 63 14
1697 16 8
1698 63 15
1699 63 16
1700 61 24
1701 64 0
1702 61 39
1703 64 1
1704 62 25
1705 62 26
1706 64 2
1707 62 27
1708 12 59
1709 64 3
1710 64 4
1711 62 28
1712 64 5
1713 62 29
1714 62 30
1715 60 62
1716 64 6
1717 16 23
1718 62 31
1719 64 7
1720 23 7
1721 62 32
1722 64 8
1723 19 22
1724 64 9
1725 18 6
1726 63 18
1727 64 10
1728 64 11
1729 63 33
1730 64 17
1731 10 17
1732 64 12
1733 64 13
1734 61 40
1735 64 14
1736 64 15
1737 64 19
1738 61 41
1739 64 16
1740 65 0
1741 60 63
1742 65 1
1743 64 20
1744 64 21
1745 65 2
1746 65 3
1747 65 4
1748 65 5
1749 65 6
1750 64 22
1751 64 23
1752 64 24
1753 61 42
1754 65 25
1755 25 5
1756 65 7
1757 65 26
1758 65 8
1759 65 9
1760 65 27
1761 61 52
1762 65 10
1763 61 64
1764 65 11
1765 61 65
1766 65 12
1767 65 28
1768 65 13
1769 62 43
1770 65 14
1771 65 29
1772 65 30
1773 17 9
1774 62 44
1775 65 15
1776 65 16
1777 62 45
1778 66 0
1779 66 1
1780 23 31
1781 62 46
1782 34 20
1783 66 2
1784 66 3
1785 66 4
1786 66 5
1787 66 6
1788 62 47
1789 66 7
1790 66 8
1791 66 9
1792 17 51
1793 66 10
1794 66 11
1795 66 12
1796 61 66
1797 37 2
1798 36 3
1799 24 63
1800 35 2
1801 30 3
1802 29 3
1803 22 50
1804 28 2
1805 26 30
1806 27 4
1807 26 7
1808 31 39
1809 25 8
1810 25 23
1811 26 38
