// The next line is the dfg name
random4_4type_uniform
// The next lines are FU parameters given as:
// <FU type>  <resource constraint>  <# of FUs used>  <FU delay>
ADD 3 3 1
MUL 9 9 3
DIV 15 15 5
SQRT 18 18 6
actual latency 90
0 1 12
1 6 31
2 12 7
3 12 6
4 12 0
5 12 31
6 12 12
7 12 2
8 12 5
9 15 6
10 15 23
11 17 12
12 13 32
13 13 0
14 13 33
15 22 3
16 22 17
17 28 9
18 30 7
19 39 19
20 34 2
21 14 13
22 14 2
23 14 10
24 14 15
25 14 11
26 14 0
27 14 19
28 14 20
29 14 36
30 19 21
31 18 28
32 18 6
33 17 17
34 35 0
35 19 1
36 31 3
37 40 16
38 19 19
39 20 41
40 42 29
41 25 3
42 21 1
43 19 2
44 43 32
45 20 40
46 31 8
47 35 1
48 35 2
49 24 29
50 26 35
51 40 23
52 43 33
53 24 5
54 32 10
55 33 6
56 34 3
57 42 31
58 32 2
59 36 30
60 43 34
61 40 24
62 31 2
63 21 6
64 19 13
65 39 43
66 24 4
67 31 9
68 44 38
69 30 25
70 37 34
71 34 8
72 39 21
73 45 42
74 15 24
75 15 7
76 15 42
77 15 43
78 15 4
79 15 25
80 39 22
81 36 1
82 45 43
83 37 1
84 19 33
85 19 32
86 34 9
87 45 44
88 38 0
89 24 2
90 38 1
91 38 2
92 40 25
93 24 15
94 35 10
95 35 11
96 24 28
97 19 9
98 36 6
99 37 9
100 42 12
101 21 2
102 39 6
103 25 1
104 34 21
105 42 17
106 46 27
107 20 1
108 20 11
109 45 0
110 38 38
111 26 39
112 43 18
113 25 23
114 29 22
115 25 2
116 24 31
117 44 40
118 40 8
119 30 0
120 30 4
121 44 41
122 32 38
123 48 28
124 23 2
125 44 15
126 42 6
127 23 11
128 45 16
129 43 3
130 29 0
131 39 1
132 30 28
133 48 29
134 45 23
135 43 8
136 44 20
137 43 9
138 40 1
139 41 1
140 43 0
141 40 27
142 30 30
143 44 21
144 43 1
145 43 2
146 48 30
147 44 0
148 44 10
149 48 31
150 25 24
151 25 8
152 27 44
153 44 1
154 44 2
155 49 32
156 44 22
157 45 1
158 45 2
159 21 7
160 44 11
161 45 4
162 21 42
163 46 0
164 22 9
165 45 24
166 22 8
167 33 44
168 45 5
169 45 25
170 45 6
171 46 26
172 46 1
173 45 7
174 46 2
175 47 0
176 36 29
177 49 33
178 47 1
179 36 26
180 46 3
181 49 34
182 47 12
183 26 0
184 32 1
185 50 35
186 47 17
187 26 2
188 34 0
189 47 2
190 25 0
191 27 7
192 48 14
193 50 36
194 48 0
195 46 8
196 48 18
197 36 5
198 48 1
199 46 9
200 48 2
201 47 10
202 49 13
203 49 0
204 49 15
205 47 11
206 48 4
207 49 1
208 50 37
209 50 38
210 50 39
211 49 2
212 34 1
213 48 5
214 48 6
215 18 7
216 50 0
217 48 7
218 49 19
219 50 1
220 49 3
221 49 8
222 49 20
223 24 7
224 24 6
225 49 21
226 49 22
227 50 16
228 50 40
229 26 26
230 50 2
231 50 41
232 28 14
233 49 9
234 51 0
235 50 23
236 50 24
237 51 1
238 50 25
239 51 26
240 32 36
241 51 2
242 51 42
243 52 12
244 52 0
245 52 1
246 50 11
247 51 43
248 52 2
249 53 0
250 41 0
251 53 1
252 41 11
253 51 4
254 53 2
255 52 17
256 27 42
257 33 42
258 53 14
259 54 0
260 51 44
261 53 18
262 51 5
263 52 27
264 54 1
265 54 13
266 54 2
267 51 6
268 39 5
269 54 15
270 54 28
271 51 7
272 52 3
273 54 29
274 54 30
275 55 0
276 55 1
277 54 31
278 52 8
279 52 9
280 54 19
281 33 1
282 55 32
283 55 33
284 55 2
285 54 20
286 54 21
287 53 10
288 53 11
289 54 4
290 54 22
291 55 16
292 56 0
293 55 23
294 55 24
295 54 5
296 54 6
297 54 7
298 55 25
299 55 34
300 55 3
301 56 26
302 56 1
303 56 2
304 56 35
305 57 0
306 1 3
307 4 3
308 4 13
309 4 28
310 4 1
311 4 0
312 5 4
313 10 27
314 5 29
315 8 14
316 16 3
317 57 12
318 19 34
319 16 8
320 16 9
321 16 26
322 18 31
323 11 0
324 19 0
325 12 4
326 57 17
327 12 28
328 19 8
329 21 5
330 20 23
331 56 36
332 20 36
333 56 37
334 57 1
335 19 22
336 18 0
337 22 2
338 18 4
339 55 8
340 58 14
341 25 33
342 25 25
343 25 34
344 28 2
345 38 37
346 28 8
347 56 38
348 56 39
349 9 15
350 19 3
351 57 2
352 33 43
353 32 41
354 22 1
355 22 12
356 9 13
357 58 18
358 55 9
359 56 10
360 21 43
361 21 0
362 15 1
363 14 21
364 14 35
365 14 38
366 14 39
367 27 43
368 27 17
369 27 12
370 56 40
371 27 0
372 56 11
373 59 13
374 57 4
375 59 15
376 28 1
377 30 31
378 57 5
379 57 6
380 32 40
381 57 7
382 58 0
383 30 23
384 35 23
385 56 41
386 23 14
387 26 40
388 22 0
389 22 27
390 59 19
391 23 0
392 58 3
393 57 42
394 32 39
395 59 20
396 57 43
397 35 16
398 26 41
399 29 1
400 42 28
401 40 0
402 24 30
403 58 8
404 32 0
405 58 1
406 59 21
407 33 18
408 58 9
409 32 35
410 59 22
411 57 44
412 33 14
413 38 14
414 58 2
415 27 4
416 39 15
417 60 16
418 58 27
419 60 23
420 60 28
421 38 35
422 38 11
423 38 10
424 41 26
425 59 10
426 28 27
427 60 29
428 60 24
429 60 25
430 38 36
431 26 37
432 59 11
433 60 30
434 60 31
435 31 32
436 32 12
437 59 0
438 60 4
439 34 27
440 39 44
441 59 1
442 60 5
443 61 26
444 62 12
445 60 6
446 37 0
447 59 2
448 39 13
449 60 7
450 38 18
451 61 32
452 37 32
453 37 3
454 61 3
455 61 8
456 33 2
457 61 9
458 61 33
459 62 17
460 33 0
461 62 10
462 63 14
463 61 34
464 28 0
465 62 35
466 63 18
467 43 14
468 62 36
469 35 25
470 33 5
471 62 11
472 62 37
473 63 4
474 62 38
475 60 0
476 44 36
477 60 1
478 44 13
479 44 35
480 62 39
481 63 5
482 63 6
483 64 13
484 29 21
485 64 15
486 64 19
487 63 7
488 64 20
489 64 21
490 31 34
491 64 3
492 64 22
493 60 2
494 61 0
495 61 1
496 62 40
497 64 8
498 65 16
499 37 17
500 61 2
501 37 8
502 62 0
503 62 41
504 63 42
505 62 1
506 65 23
507 62 2
508 20 24
509 35 24
510 63 0
511 64 9
512 65 24
513 63 1
514 63 2
515 65 10
516 50 10
517 65 11
518 66 4
519 64 0
520 66 5
521 64 1
522 63 43
523 30 1
524 64 2
525 30 16
526 30 6
527 34 19
528 65 25
529 63 44
530 65 0
531 65 1
532 64 27
533 66 26
534 14 37
535 15 2
536 14 40
537 65 2
538 66 0
539 66 1
540 67 12
541 67 17
542 66 6
543 66 7
544 40 3
545 66 28
546 68 14
547 67 3
548 42 0
549 66 2
550 66 29
551 67 0
552 67 1
553 66 30
554 33 4
555 68 18
556 66 31
557 67 8
558 67 9
559 68 10
560 67 2
561 69 13
562 67 32
563 67 33
564 68 11
565 69 4
566 69 15
567 68 0
568 69 5
569 67 34
570 68 35
571 41 10
572 68 1
573 69 19
574 69 20
575 69 6
576 69 21
577 44 37
578 69 7
579 70 3
580 68 2
581 69 22
582 69 0
583 5 30
584 70 16
585 69 1
586 70 23
587 70 24
588 69 2
589 70 25
590 70 0
591 70 1
592 70 2
593 70 8
594 70 9
595 71 26
596 72 12
597 71 10
598 71 0
599 71 1
600 71 2
601 71 11
602 72 0
603 68 36
604 68 37
605 1 27
606 7 3
607 10 16
608 15 0
609 10 3
610 13 14
611 7 12
612 12 1
613 13 1
614 12 17
615 12 29
616 18 29
617 18 2
618 18 1
619 72 17
620 20 37
621 20 2
622 18 18
623 19 20
624 12 30
625 27 2
626 68 38
627 15 16
628 16 2
629 13 34
630 13 2
631 13 18
632 14 1
633 13 9
634 13 3
635 13 8
636 14 22
637 72 1
638 73 14
639 19 15
640 73 18
641 20 16
642 20 10
643 68 39
644 20 35
645 20 0
646 15 5
647 72 4
648 16 27
649 17 1
650 68 40
651 72 5
652 68 41
653 16 0
654 30 24
655 21 26
656 72 2
657 23 18
658 23 1
659 23 10
660 24 1
661 69 42
662 24 22
663 26 1
664 24 0
665 73 0
666 21 44
667 27 1
668 21 4
669 20 39
670 25 32
671 16 1
672 69 43
673 74 13
674 17 10
675 17 11
676 17 2
677 18 5
678 24 13
679 72 6
680 24 19
681 73 1
682 24 21
683 31 0
684 25 16
685 73 2
686 28 18
687 69 44
688 34 22
689 72 7
690 70 27
691 26 10
692 27 5
693 37 33
694 72 28
695 74 15
696 73 3
697 74 19
698 36 31
699 74 0
700 74 1
701 29 11
702 74 20
703 29 2
704 74 2
705 74 21
706 30 29
707 75 0
708 74 22
709 36 4
710 72 29
711 38 41
712 73 8
713 75 16
714 75 1
715 28 3
716 73 9
717 39 0
718 18 30
719 75 23
720 72 30
721 74 10
722 20 25
723 72 31
724 74 11
725 39 4
726 25 9
727 75 4
728 75 24
729 42 2
730 75 2
731 31 26
732 75 5
733 73 32
734 24 20
735 38 40
736 76 0
737 26 36
738 76 1
739 36 0
740 75 25
741 73 33
742 36 28
743 75 6
744 76 26
745 37 12
746 75 7
747 77 12
748 31 33
749 77 17
750 76 2
751 77 0
752 32 37
753 29 20
754 73 34
755 76 3
756 29 10
757 29 19
758 74 35
759 17 0
760 18 14
761 78 14
762 74 36
763 77 1
764 78 18
765 32 11
766 76 8
767 74 37
768 74 38
769 76 9
770 14 41
771 38 39
772 29 15
773 79 13
774 79 15
775 77 10
776 77 2
777 42 1
778 42 4
779 74 39
780 77 11
781 79 19
782 78 0
783 78 1
784 42 5
785 78 4
786 78 2
787 78 5
788 79 20
789 79 0
790 74 40
791 32 17
792 29 13
793 79 1
794 79 2
795 74 41
796 30 5
797 26 11
798 80 0
799 79 21
800 79 22
801 80 1
802 27 6
803 78 6
804 78 7
805 80 16
806 34 20
807 80 23
808 34 13
809 75 42
810 79 3
811 80 2
812 80 24
813 81 0
814 75 43
815 81 1
816 31 1
817 75 44
818 79 8
819 80 25
820 20 38
821 81 2
822 79 9
823 30 2
824 80 10
825 76 27
826 78 28
827 78 29
828 80 11
829 39 42
830 81 26
831 81 4
832 81 5
833 78 30
834 82 12
835 78 31
836 82 17
837 82 0
838 83 14
839 79 32
840 82 1
841 83 18
842 26 38
843 79 33
844 79 34
845 80 35
846 82 2
847 81 6
848 83 0
849 84 13
850 80 36
851 83 1
852 81 7
853 83 2
854 80 37
855 82 3
856 84 15
857 84 0
858 84 1
859 82 8
860 82 9
861 83 10
862 83 11
863 84 4
864 34 15
865 84 19
866 84 2
867 84 20
868 80 38
869 80 39
870 84 5
871 80 40
872 85 0
873 80 41
874 85 1
875 41 2
876 81 42
877 84 6
878 81 43
879 15 44
880 84 7
881 40 2
882 42 7
883 81 44
884 84 21
885 82 27
886 40 9
887 39 7
888 84 28
889 39 2
890 37 2
891 36 7
892 36 2
893 84 29
894 84 30
895 84 31
896 33 7
897 42 30
898 84 22
899 39 20
900 85 2
901 85 3
902 85 32
903 44 39
904 44 19
905 86 0
