// The next line is the dfg name
random1_4type_invdelay
// The next lines are FU parameters given as:
// <FU type>  <resource constraint>  <# of FUs used>  <FU delay>
ADD 5 5 1
MUL 5 5 3
DIV 5 5 5
SQRT 5 5 6
actual latency 79
0 1 1
1 2 0
2 3 0
3 4 0
4 4 1
5 4 2
6 5 16
7 11 3
8 5 0
9 6 6
10 9 3
11 9 0
12 11 11
13 10 10
14 15 4
15 15 1
16 50 0
17 15 2
18 5 2
19 5 1
20 5 3
21 5 10
22 35 1
23 18 7
24 25 3
25 16 1
26 36 9
27 29 3
28 20 1
29 6 7
30 6 0
31 6 11
32 6 18
33 6 2
34 6 12
35 6 1
36 6 19
37 35 2
38 16 2
39 16 0
40 7 2
41 17 16
42 33 3
43 18 3
44 30 4
45 24 19
46 18 18
47 33 4
48 18 14
49 5 4
50 12 4
51 14 4
52 10 3
53 34 3
54 18 6
55 17 4
56 18 8
57 18 19
58 39 6
59 37 5
60 21 1
61 34 4
62 24 7
63 21 2
64 21 3
65 29 16
66 35 3
67 11 13
68 10 15
69 12 17
70 10 4
71 10 0
72 35 4
73 10 1
74 40 1
75 40 2
76 36 1
77 30 17
78 30 7
79 36 2
80 23 16
81 39 7
82 36 3
83 23 14
84 28 2
85 36 4
86 38 1
87 24 17
88 39 8
89 38 2
90 22 3
91 31 12
92 13 4
93 39 9
94 37 3
95 37 4
96 30 0
97 24 9
98 29 0
99 21 11
100 40 5
101 38 3
102 22 4
103 42 6
104 38 4
105 39 3
106 11 1
107 33 14
108 39 4
109 40 3
110 42 7
111 42 8
112 40 4
113 27 3
114 20 3
115 27 1
116 26 13
117 41 1
118 42 9
119 43 5
120 45 6
121 16 4
122 26 11
123 16 3
124 45 7
125 30 18
126 35 10
127 41 2
128 26 0
129 27 6
130 36 11
131 45 8
132 45 9
133 23 4
134 24 4
135 41 3
136 46 5
137 41 4
138 42 1
139 30 19
140 42 2
141 42 3
142 48 6
143 19 2
144 42 4
145 34 15
146 43 1
147 48 7
148 11 2
149 18 17
150 43 2
151 35 16
152 36 12
153 36 13
154 26 4
155 12 18
156 48 8
157 48 9
158 43 3
159 43 4
160 44 1
161 38 14
162 36 17
163 44 2
164 44 3
165 44 4
166 7 5
167 12 6
168 45 1
169 45 2
170 28 14
171 49 5
172 36 18
173 28 4
174 45 3
175 45 4
176 46 1
177 46 2
178 46 3
179 46 4
180 47 1
181 47 2
182 40 10
183 47 3
184 41 11
185 47 4
186 36 19
187 51 6
188 48 1
189 51 7
190 40 15
191 48 2
192 48 3
193 48 4
194 51 8
195 49 1
196 30 10
197 49 2
198 49 3
199 49 4
200 50 1
201 50 2
202 1 5
203 4 5
204 7 0
205 7 1
206 8 8
207 11 16
208 11 0
209 41 12
210 21 9
211 17 0
212 17 3
213 17 1
214 50 3
215 17 2
216 22 5
217 41 13
218 50 4
219 20 4
220 24 6
221 18 0
222 51 0
223 18 4
224 18 2
225 8 0
226 51 1
227 36 8
228 51 2
229 51 3
230 21 7
231 41 16
232 18 1
233 13 14
234 51 4
235 9 4
236 9 7
237 10 5
238 9 2
239 9 9
240 9 1
241 9 6
242 12 2
243 52 0
244 12 0
245 42 17
246 52 1
247 42 18
248 20 0
249 27 2
250 52 2
251 31 0
252 52 3
253 19 0
254 32 0
255 52 4
256 15 10
257 12 19
258 53 0
259 11 12
260 53 1
261 12 7
262 12 3
263 53 2
264 12 8
265 12 9
266 12 1
267 53 3
268 13 3
269 15 7
270 26 12
271 53 4
272 51 9
273 21 8
274 43 14
275 20 10
276 45 10
277 52 5
278 10 2
279 25 5
280 54 0
281 13 1
282 54 1
283 15 8
284 16 15
285 54 2
286 14 2
287 15 3
288 54 3
289 14 3
290 32 2
291 36 6
292 26 3
293 42 19
294 36 7
295 24 3
296 54 4
297 55 0
298 55 1
299 54 6
300 55 2
301 13 2
302 55 3
303 55 4
304 46 15
305 8 1
306 21 4
307 56 0
308 47 16
309 33 6
310 46 11
311 54 7
312 27 9
313 56 1
314 48 17
315 32 1
316 11 4
317 56 2
318 56 3
319 19 4
320 20 2
321 56 4
322 48 18
323 19 3
324 57 0
325 57 1
326 27 0
327 57 2
328 46 12
329 33 1
330 46 13
331 48 19
332 32 3
333 31 2
334 57 3
335 54 8
336 57 4
337 34 1
338 48 14
339 50 10
340 52 15
341 53 16
342 58 0
343 58 1
344 39 0
345 54 9
346 35 0
347 58 2
348 27 8
349 58 3
350 31 4
351 58 4
352 51 11
353 15 9
354 54 17
355 54 18
356 59 0
357 55 5
358 59 1
359 59 2
360 54 19
361 58 15
362 36 0
363 51 12
364 40 0
365 39 1
366 59 3
367 37 1
368 38 0
369 59 4
370 41 0
371 60 0
372 42 0
373 57 6
374 60 1
375 60 2
376 51 13
377 57 7
378 43 0
379 60 3
380 44 0
381 59 16
382 60 4
383 61 0
384 57 8
385 45 0
386 57 9
387 61 1
388 58 5
389 46 0
390 53 14
391 55 10
392 60 6
393 28 5
394 61 2
395 61 3
396 47 0
397 60 7
398 56 11
399 60 17
400 61 4
401 1 0
402 2 15
403 2 1
404 8 14
405 13 0
406 60 18
407 48 0
408 14 1
409 15 6
410 14 0
411 62 0
412 15 0
413 31 5
414 16 12
415 16 11
416 18 9
417 16 13
418 16 5
419 60 8
420 26 2
421 60 9
422 33 9
423 21 0
424 3 6
425 62 1
426 21 6
427 24 8
428 31 3
429 19 1
430 56 12
431 49 0
432 19 5
433 26 1
434 22 0
435 31 1
436 62 2
437 62 3
438 25 10
439 61 5
440 22 2
441 30 3
442 22 1
443 13 5
444 6 17
445 21 12
446 33 8
447 62 4
448 60 19
449 63 0
450 63 6
451 63 1
452 63 2
453 63 3
454 25 4
455 63 4
456 64 0
457 24 0
458 56 13
459 22 15
460 64 1
461 63 7
462 64 15
463 30 9
464 23 3
465 23 0
466 64 2
467 64 3
468 23 1
469 24 18
470 23 2
471 63 8
472 65 16
473 63 9
474 64 5
475 66 6
476 24 1
477 66 17
478 24 2
479 64 4
480 66 7
481 65 0
482 28 1
483 66 8
484 30 2
485 31 11
486 66 18
487 66 19
488 28 3
489 28 0
490 66 9
491 58 14
492 30 1
493 60 10
494 65 1
495 70 15
496 28 15
497 65 2
498 29 1
499 65 3
500 30 8
501 61 11
502 61 12
503 29 4
504 25 0
505 29 2
506 30 6
507 65 4
508 66 0
509 27 7
510 66 1
511 66 2
512 61 13
513 33 7
514 66 3
515 66 4
516 67 0
517 25 1
518 67 5
519 67 1
520 69 6
521 67 2
522 67 3
523 67 4
524 68 0
525 71 16
526 68 1
527 68 2
528 68 3
529 68 4
530 33 0
531 25 2
532 69 7
533 72 17
534 69 0
535 69 1
536 69 8
537 69 2
538 69 3
539 69 4
540 34 0
541 63 14
542 34 5
543 37 0
544 70 0
545 65 10
546 70 1
547 70 2
548 70 3
549 66 11
550 27 4
551 66 12
552 70 4
553 21 13
554 66 13
555 71 0
556 71 1
557 71 2
558 71 3
559 68 14
560 71 4
561 70 10
562 72 0
563 69 9
564 71 11
565 72 1
566 72 2
567 72 3
568 72 4
569 73 0
570 73 1
571 73 2
572 31 13
573 70 5
574 71 12
575 73 3
576 72 6
577 71 13
578 73 14
579 73 4
580 74 0
581 72 7
582 74 1
583 74 2
584 72 18
585 74 3
586 74 4
587 75 0
588 75 1
589 39 2
590 37 2
591 6 13
592 72 8
593 72 9
594 34 2
595 33 2
596 32 4
597 73 5
598 75 6
599 75 7
600 75 10
