// The next line is the dfg name
random6_4type_invdelay
// The next lines are FU parameters given as:
// <FU type>  <resource constraint>  <# of FUs used>  <FU delay>
ADD 3 3 1
MUL 3 3 3
DIV 4 4 5
SQRT 4 4 6
actual latency 358
0 1 0
1 2 0
2 3 4
3 15 1
4 340 3
5 158 2
6 136 2
7 352 5
8 6 2
9 335 2
10 260 8
11 7 2
12 355 2
13 7 3
14 210 1
15 333 4
16 261 6
17 266 2
18 330 0
19 247 10
20 12 2
21 259 0
22 11 1
23 347 1
24 328 5
25 256 9
26 241 9
27 14 11
28 193 3
29 342 2
30 49 10
31 291 4
32 323 2
33 127 10
34 13 3
35 161 2
36 324 0
37 304 3
38 279 4
39 343 0
40 14 1
41 13 5
42 324 1
43 324 2
44 181 3
45 334 3
46 244 7
47 248 11
48 259 7
49 334 5
50 16 2
51 24 4
52 95 2
53 141 6
54 91 6
55 188 2
56 189 0
57 69 12
58 284 1
59 95 1
60 284 2
61 257 1
62 191 6
63 166 5
64 16 1
65 185 2
66 322 3
67 325 0
68 208 0
69 300 1
70 160 2
71 118 1
72 86 6
73 300 2
74 301 0
75 301 1
76 331 3
77 259 1
78 17 0
79 129 1
80 140 1
81 90 8
82 102 13
83 140 2
84 75 4
85 85 8
86 196 0
87 198 4
88 146 0
89 243 4
90 223 3
91 228 2
92 244 3
93 229 0
94 174 13
95 315 0
96 231 9
97 237 12
98 315 1
99 322 2
100 315 2
101 316 0
102 283 2
103 223 5
104 213 0
105 94 7
106 156 13
107 91 0
108 148 5
109 213 1
110 225 4
111 157 10
112 301 2
113 302 0
114 307 3
115 226 9
116 285 0
117 91 1
118 168 4
119 285 1
120 114 7
121 153 0
122 285 2
123 153 1
124 280 3
125 286 0
126 283 1
127 292 5
128 295 3
129 344 2
130 295 5
131 286 1
132 286 2
133 287 0
134 257 2
135 176 0
136 177 0
137 155 8
138 147 4
139 46 3
140 150 1
141 260 0
142 177 1
143 180 13
144 264 0
145 101 9
146 130 0
147 287 1
148 222 13
149 287 2
150 206 9
151 297 4
152 186 1
153 268 1
154 200 11
155 134 2
156 280 5
157 201 12
158 259 2
159 288 0
160 307 0
161 204 13
162 205 10
163 191 9
164 206 11
165 207 12
166 149 1
167 189 1
168 189 2
169 190 0
170 131 9
171 135 8
172 96 0
173 190 1
174 244 5
175 229 1
176 229 2
177 230 0
178 170 8
179 171 6
180 230 1
181 246 4
182 230 2
183 151 0
184 227 2
185 228 0
186 226 0
187 228 1
188 226 1
189 139 1
190 246 1
191 246 2
192 265 5
193 294 4
194 345 0
195 247 5
196 171 9
197 249 4
198 227 0
199 194 7
200 99 0
201 260 2
202 282 4
203 264 2
204 146 11
205 243 2
206 268 2
207 269 0
208 324 4
209 169 3
210 109 10
211 111 12
212 166 1
213 94 5
214 166 2
215 167 0
216 121 6
217 265 0
218 265 10
219 265 1
220 265 2
221 266 1
222 261 1
223 261 2
224 261 4
225 262 3
226 262 5
227 261 0
228 262 1
229 262 2
230 247 0
231 247 1
232 100 1
233 96 9
234 99 7
235 119 1
236 119 2
237 96 13
238 157 3
239 231 0
240 231 1
241 137 0
242 175 10
243 250 3
244 302 1
245 302 2
246 303 0
247 141 9
248 264 13
249 250 5
250 284 0
251 79 7
252 78 13
253 82 2
254 80 8
255 83 0
256 231 2
257 176 11
258 232 0
259 232 1
260 232 2
261 211 2
262 233 0
263 233 1
264 181 10
265 231 12
266 184 3
267 179 0
268 161 6
269 184 5
270 179 1
271 161 9
272 179 2
273 180 0
274 283 3
275 211 10
276 269 1
277 269 2
278 195 8
279 180 1
280 262 0
281 227 1
282 120 1
283 120 2
284 121 0
285 100 8
286 135 4
287 97 10
288 101 6
289 270 1
290 349 1
291 213 2
292 214 0
293 214 1
294 214 2
295 169 5
296 167 1
297 152 11
298 171 4
299 172 3
300 153 12
301 167 2
302 1 10
303 9 7
304 14 0
305 15 4
306 247 2
307 206 6
308 15 2
309 261 9
310 18 4
311 15 12
312 15 0
313 177 2
314 114 0
315 158 11
316 129 12
317 18 0
318 21 1
319 135 1
320 152 1
321 233 2
322 174 1
323 16 9
324 16 0
325 20 11
326 118 0
327 113 0
328 19 0
329 21 2
330 190 2
331 19 10
332 25 8
333 180 2
334 211 0
335 19 3
336 30 1
337 20 0
338 212 0
339 186 4
340 25 1
341 26 0
342 115 5
343 22 0
344 153 2
345 22 3
346 51 9
347 160 1
348 130 2
349 52 1
350 52 2
351 31 3
352 120 13
353 161 1
354 87 12
355 23 0
356 46 5
357 162 1
358 24 13
359 133 5
360 60 13
361 121 1
362 86 9
363 154 7
364 21 4
365 24 1
366 109 2
367 136 5
368 121 2
369 90 13
370 71 6
371 24 0
372 26 11
373 71 9
374 55 8
375 26 9
376 96 4
377 50 2
378 74 1
379 28 3
380 73 10
381 66 4
382 117 4
383 25 0
384 26 1
385 91 2
386 92 1
387 25 10
388 74 7
389 100 2
390 76 9
391 83 1
392 74 2
393 26 6
394 83 2
395 84 0
396 27 4
397 97 5
398 84 1
399 74 11
400 101 0
401 81 12
402 25 2
403 55 3
404 93 1
405 116 2
406 35 8
407 56 9
408 99 4
409 49 3
410 84 2
411 75 12
412 60 8
413 85 0
414 59 0
415 106 6
416 56 6
417 27 2
418 85 1
419 29 7
420 85 2
421 27 1
422 27 12
423 136 0
424 79 5
425 66 1
426 31 5
427 28 0
428 28 1
429 81 4
430 66 2
431 31 9
432 122 0
433 86 0
434 225 2
435 252 4
436 174 7
437 17 2
438 234 0
439 126 6
440 66 0
441 26 2
442 101 1
443 100 3
444 57 2
445 100 5
446 61 6
447 102 4
448 86 1
449 86 2
450 45 12
451 61 9
452 303 1
453 307 5
454 303 2
455 229 7
456 111 1
457 110 0
458 215 0
459 145 3
460 226 5
461 228 4
462 187 1
463 95 8
464 229 3
465 229 5
466 136 1
467 60 0
468 29 2
469 151 10
470 76 0
471 31 2
472 31 10
473 32 2
474 34 7
475 45 0
476 45 1
477 31 0
478 45 2
479 43 5
480 61 3
481 191 0
482 37 3
483 36 0
484 118 5
485 53 0
486 36 1
487 82 3
488 76 1
489 226 3
490 164 7
491 31 1
492 31 6
493 46 0
494 46 1
495 54 7
496 54 13
497 55 5
498 53 1
499 53 2
500 57 4
501 54 0
502 54 1
503 55 10
504 120 4
505 75 0
506 41 9
507 49 7
508 59 2
509 67 5
510 60 1
511 60 2
512 48 13
513 29 0
514 30 2
515 48 4
516 37 1
517 37 0
518 37 2
519 38 2
520 40 1
521 58 3
522 33 12
523 30 0
524 58 5
525 50 1
526 212 11
527 54 2
528 48 2
529 49 5
530 44 7
531 49 0
532 45 8
533 37 10
534 51 4
535 51 2
536 36 9
537 34 0
538 34 5
539 34 1
540 34 2
541 35 0
542 35 1
543 35 2
544 266 0
545 39 7
546 38 0
547 38 1
548 32 11
549 32 0
550 33 4
551 32 1
552 159 0
553 42 4
554 33 0
555 33 2
556 41 1
557 187 3
558 51 0
559 51 1
560 234 1
561 234 2
562 253 3
563 235 0
564 235 1
565 253 5
566 60 4
567 92 0
568 131 6
569 64 0
570 64 1
571 64 2
572 65 0
573 64 7
574 65 1
575 65 2
576 36 4
577 36 6
578 36 13
579 36 2
580 37 5
581 34 3
582 93 0
583 111 0
584 39 4
585 40 2
586 40 3
587 41 0
588 40 5
589 43 10
590 40 8
591 41 6
592 39 0
593 39 1
594 39 12
595 39 2
596 40 0
597 42 13
598 231 4
599 51 12
600 61 10
601 67 0
602 67 1
603 67 2
604 82 5
605 62 11
606 68 0
607 1 6
608 7 5
609 209 0
610 6 0
611 6 13
612 10 3
613 114 2
614 7 0
615 11 9
616 314 2
617 11 6
618 351 4
619 336 4
620 81 1
621 337 3
622 163 1
623 211 3
624 8 11
625 298 1
626 325 1
627 245 2
628 8 0
629 10 5
630 8 1
631 298 2
632 255 12
633 9 0
634 270 2
635 17 1
636 13 1
637 213 12
638 81 2
639 109 7
640 271 0
641 108 13
642 99 2
643 298 0
644 10 0
645 304 0
646 304 1
647 208 1
648 241 5
649 246 0
650 304 2
651 310 3
652 282 1
653 325 2
654 184 1
655 130 1
656 12 13
657 305 0
658 305 1
659 305 2
660 234 13
661 306 0
662 265 8
663 306 1
664 306 2
665 254 11
666 266 6
667 96 1
668 316 1
669 234 7
670 110 2
671 245 0
672 162 2
673 316 2
674 149 2
675 90 2
676 299 0
677 132 1
678 176 2
679 307 1
680 282 2
681 245 1
682 307 2
683 201 9
684 298 3
685 146 1
686 235 2
687 137 1
688 175 8
689 182 11
690 98 2
691 317 0
692 193 10
693 15 8
694 104 11
695 248 0
696 135 2
697 271 1
698 255 2
699 219 12
700 271 2
701 272 1
702 185 0
703 21 9
704 300 4
705 258 0
706 225 0
707 187 5
708 23 1
709 165 0
710 18 1
711 18 2
712 230 8
713 354 1
714 342 1
715 355 0
716 247 3
717 340 0
718 111 6
719 172 5
720 19 1
721 145 5
722 30 13
723 308 0
724 277 5
725 248 1
726 105 8
727 267 4
728 139 2
729 268 3
730 248 2
731 159 4
732 330 4
733 134 7
734 193 5
735 144 7
736 181 0
737 165 1
738 165 2
739 114 13
740 121 10
741 181 1
742 187 2
743 159 12
744 150 4
745 215 1
746 270 0
747 280 0
748 288 1
749 288 2
750 289 0
751 150 8
752 147 0
753 76 5
754 191 1
755 268 5
756 263 0
757 263 1
758 263 2
759 191 2
760 162 13
761 168 2
762 115 10
763 111 9
764 169 1
765 21 6
766 122 1
767 129 4
768 79 0
769 130 3
770 79 2
771 116 1
772 169 2
773 256 0
774 148 3
775 148 1
776 148 0
777 131 0
778 308 1
779 339 2
780 308 2
781 310 5
782 309 0
783 283 0
784 208 2
785 199 10
786 20 8
787 144 1
788 154 2
789 22 5
790 196 3
791 101 2
792 102 0
793 25 3
794 76 3
795 92 2
796 170 1
797 93 2
798 140 0
799 214 7
800 232 3
801 215 2
802 343 3
803 331 5
804 249 0
805 249 1
806 112 1
807 181 9
808 249 2
809 271 3
810 236 0
811 236 1
812 183 12
813 236 2
814 237 0
815 237 1
816 79 3
817 349 3
818 340 2
819 347 0
820 87 0
821 79 10
822 58 0
823 87 1
824 272 2
825 341 2
826 205 0
827 138 13
828 78 4
829 65 8
830 103 3
831 103 5
832 87 2
833 289 1
834 237 2
835 238 0
836 186 13
837 133 2
838 187 10
839 176 9
840 114 1
841 188 11
842 264 4
843 189 12
844 179 7
845 317 1
846 119 0
847 334 0
848 84 4
849 81 0
850 346 0
851 289 2
852 198 13
853 199 3
854 145 0
855 85 3
856 155 1
857 160 3
858 110 11
859 155 2
860 352 1
861 150 13
862 121 3
863 192 0
864 192 1
865 199 5
866 201 4
867 205 5
868 134 11
869 136 6
870 192 2
871 207 4
872 120 0
873 333 0
874 121 9
875 348 1
876 170 2
877 156 6
878 210 0
879 184 7
880 202 3
881 202 5
882 202 0
883 202 1
884 204 4
885 205 3
886 204 7
887 202 2
888 203 0
889 260 1
890 348 2
891 145 8
892 216 0
893 216 1
894 216 2
895 163 10
896 232 5
897 217 0
898 217 1
899 217 2
900 341 1
901 267 0
902 267 1
903 290 0
904 223 10
905 290 1
906 210 8
907 290 2
908 1 3
909 4 0
910 5 0
911 217 5
912 6 1
913 7 1
914 131 2
915 8 2
916 13 2
917 164 0
918 9 12
919 10 8
920 322 5
921 13 0
922 326 0
923 73 5
924 4 7
925 16 3
926 196 5
927 19 2
928 193 0
929 112 3
930 21 12
931 178 1
932 266 11
933 317 2
934 9 1
935 318 0
936 318 4
937 180 4
938 20 2
939 273 0
940 82 0
941 185 1
942 76 2
943 104 7
944 196 6
945 10 1
946 209 2
947 344 1
948 199 0
949 113 2
950 13 10
951 258 1
952 291 0
953 291 1
954 181 2
955 122 11
956 19 7
957 20 1
958 23 2
959 174 4
960 25 5
961 157 2
962 109 5
963 185 8
964 120 8
965 176 1
966 194 11
967 270 4
968 250 0
969 250 1
970 250 2
971 77 0
972 93 12
973 251 0
974 128 11
975 125 8
976 156 0
977 115 0
978 115 2
979 116 9
980 115 1
981 160 5
982 138 1
983 156 1
984 162 4
985 52 0
986 102 1
987 102 2
988 27 0
989 84 13
990 183 0
991 178 2
992 345 4
993 116 0
994 272 0
995 177 12
996 174 2
997 134 0
998 78 0
999 175 2
1000 149 0
1001 180 8
1002 212 1
1003 238 1
1004 238 2
1005 21 0
1006 309 1
1007 309 2
1008 310 0
1009 306 4
1010 231 6
1011 235 10
1012 158 0
1013 28 5
1014 58 1
1015 80 11
1016 88 0
1017 88 1
1018 66 6
1019 28 2
1020 88 2
1021 218 0
1022 312 4
1023 310 1
1024 245 8
1025 276 4
1026 244 2
1027 246 6
1028 348 0
1029 150 0
1030 122 2
1031 123 0
1032 117 0
1033 123 1
1034 138 4
1035 123 2
1036 124 0
1037 124 1
1038 119 7
1039 24 7
1040 79 1
1041 164 11
1042 222 4
1043 218 1
1044 234 4
1045 165 12
1046 152 2
1047 161 0
1048 156 2
1049 157 0
1050 105 12
1051 93 4
1052 144 2
1053 163 3
1054 157 1
1055 68 1
1056 68 2
1057 63 12
1058 85 5
1059 69 0
1060 251 1
1061 186 9
1062 271 5
1063 251 2
1064 168 13
1065 146 6
1066 218 2
1067 235 3
1068 273 1
1069 273 2
1070 205 8
1071 163 5
1072 274 0
1073 283 5
1074 274 1
1075 313 3
1076 210 4
1077 186 0
1078 193 1
1079 208 3
1080 193 2
1081 194 0
1082 208 5
1083 194 1
1084 211 5
1085 194 2
1086 349 0
1087 145 1
1088 195 0
1089 195 1
1090 195 2
1091 80 0
1092 219 0
1093 91 10
1094 124 2
1095 125 0
1096 56 2
1097 38 11
1098 92 11
1099 125 1
1100 125 2
1101 235 5
1102 186 6
1103 87 4
1104 69 1
1105 69 2
1106 70 2
1107 29 1
1108 88 3
1109 66 13
1110 88 5
1111 51 6
1112 187 0
1113 182 0
1114 252 0
1115 99 12
1116 189 4
1117 126 9
1118 106 9
1119 182 1
1120 182 2
1121 183 1
1122 123 12
1123 129 7
1124 69 4
1125 61 0
1126 30 4
1127 70 3
1128 61 1
1129 61 2
1130 50 8
1131 62 0
1132 183 4
1133 103 0
1134 24 2
1135 103 1
1136 103 2
1137 104 0
1138 121 5
1139 132 0
1140 33 1
1141 309 4
1142 274 2
1143 81 6
1144 104 1
1145 123 4
1146 85 10
1147 81 9
1148 104 2
1149 151 1
1150 151 2
1151 151 5
1152 151 6
1153 152 0
1154 151 9
1155 44 0
1156 49 1
1157 52 3
1158 49 2
1159 50 0
1160 44 11
1161 46 6
1162 176 6
1163 225 1
1164 124 3
1165 133 10
1166 312 0
1167 46 2
1168 47 0
1169 47 1
1170 47 2
1171 48 0
1172 45 4
1173 48 1
1174 105 0
1175 105 1
1176 105 4
1177 96 6
1178 105 2
1179 106 0
1180 124 5
1181 106 1
1182 106 2
1183 107 0
1184 107 1
1185 111 2
1186 126 4
1187 41 2
1188 42 0
1189 42 1
1190 42 2
1191 43 0
1192 43 1
1193 43 3
1194 43 2
1195 44 1
1196 342 4
1197 219 1
1198 219 2
1199 169 10
1200 220 0
1201 106 3
1202 66 9
1203 89 0
1204 69 7
1205 89 1
1206 106 5
1207 70 8
1208 89 2
1209 1 2
1210 2 1
1211 3 0
1212 3 12
1213 3 1
1214 289 5
1215 4 2
1216 220 3
1217 277 3
1218 6 4
1219 345 2
1220 323 1
1221 350 2
1222 99 1
1223 4 1
1224 355 5
1225 4 3
1226 117 2
1227 217 3
1228 347 2
1229 354 4
1230 292 3
1231 177 4
1232 351 2
1233 147 12
1234 338 1
1235 337 5
1236 4 5
1237 100 0
1238 163 0
1239 117 1
1240 5 8
1241 5 1
1242 118 2
1243 338 2
1244 175 1
1245 145 10
1246 346 3
1247 131 1
1248 163 2
1249 295 0
1250 11 2
1251 5 2
1252 181 6
1253 313 2
1254 166 3
1255 330 1
1256 50 11
1257 14 2
1258 246 9
1259 220 5
1260 261 12
1261 336 0
1262 147 2
1263 314 1
1264 6 9
1265 6 6
1266 355 3
1267 96 2
1268 138 2
1269 358 1
1270 252 13
1271 342 0
1272 291 2
1273 211 6
1274 159 2
1275 292 0
1276 292 1
1277 251 9
1278 174 0
1279 336 1
1280 113 1
1281 126 13
1282 299 1
1283 16 6
1284 242 11
1285 336 2
1286 146 2
1287 337 0
1288 166 9
1289 211 1
1290 252 1
1291 259 10
1292 249 7
1293 330 2
1294 331 0
1295 331 1
1296 164 1
1297 158 1
1298 358 0
1299 133 3
1300 343 5
1301 255 1
1302 331 2
1303 332 0
1304 260 11
1305 332 1
1306 165 4
1307 352 0
1308 267 2
1309 343 2
1310 326 1
1311 251 6
1312 325 5
1313 326 2
1314 275 0
1315 350 1
1316 332 2
1317 7 10
1318 314 0
1319 333 1
1320 346 5
1321 264 7
1322 256 6
1323 56 0
1324 211 9
1325 292 2
1326 223 0
1327 349 5
1328 333 2
1329 334 1
1330 171 12
1331 346 2
1332 352 3
1333 334 2
1334 210 2
1335 164 2
1336 139 0
1337 339 4
1338 144 13
1339 196 9
1340 340 5
1341 254 7
1342 250 8
1343 335 0
1344 335 1
1345 162 0
1346 327 4
1347 2 2
1348 236 9
1349 343 1
1350 344 0
1351 293 0
1352 224 11
1353 249 12
1354 239 0
1355 239 1
1356 57 1
1357 192 13
1358 327 0
1359 318 1
1360 188 0
1361 220 1
1362 220 2
1363 129 2
1364 221 0
1365 221 1
1366 58 2
1367 132 13
1368 213 4
1369 91 9
1370 196 1
1371 136 9
1372 196 2
1373 197 0
1374 139 7
1375 275 1
1376 168 0
1377 239 2
1378 255 4
1379 240 0
1380 168 1
1381 353 0
1382 327 1
1383 181 5
1384 243 12
1385 327 2
1386 328 0
1387 239 7
1388 169 7
1389 352 2
1390 357 0
1391 345 1
1392 197 1
1393 139 10
1394 197 2
1395 198 1
1396 198 2
1397 136 3
1398 199 2
1399 200 0
1400 200 1
1401 252 2
1402 189 7
1403 253 0
1404 273 4
1405 253 1
1406 244 0
1407 216 13
1408 275 2
1409 276 0
1410 276 1
1411 276 2
1412 277 0
1413 277 1
1414 255 8
1415 328 1
1416 258 13
1417 299 2
1418 328 2
1419 240 8
1420 241 6
1421 353 1
1422 329 0
1423 329 1
1424 240 1
1425 328 3
1426 200 2
1427 218 11
1428 337 1
1429 337 2
1430 253 10
1431 338 0
1432 346 1
1433 355 1
1434 354 0
1435 224 7
1436 225 12
1437 140 8
1438 293 1
1439 169 0
1440 310 2
1441 311 0
1442 236 11
1443 329 2
1444 319 3
1445 240 13
1446 318 2
1447 319 0
1448 319 1
1449 255 0
1450 246 13
1451 3 2
1452 264 1
1453 269 7
1454 215 8
1455 216 6
1456 293 2
1457 216 9
1458 219 7
1459 294 0
1460 220 8
1461 178 0
1462 256 3
1463 240 2
1464 256 1
1465 256 2
1466 274 3
1467 257 0
1468 201 0
1469 186 2
1470 298 5
1471 294 1
1472 228 13
1473 294 2
1474 295 1
1475 170 0
1476 229 10
1477 295 2
1478 253 2
1479 139 3
1480 139 5
1481 126 0
1482 126 1
1483 98 11
1484 126 2
1485 127 0
1486 127 1
1487 127 2
1488 313 5
1489 224 0
1490 277 2
1491 285 4
1492 319 2
1493 320 0
1494 320 1
1495 320 2
1496 351 1
1497 278 0
1498 199 7
1499 286 3
1500 278 1
1501 278 2
1502 217 10
1503 279 0
1504 286 5
1505 339 0
1506 241 0
1507 241 1
1508 256 5
1509 225 8
1510 241 2
1511 242 0
1512 226 6
1513 242 1
1514 1 1
1515 2 11
1516 339 1
1517 138 0
1518 9 2
1519 78 1
1520 9 4
1521 300 0
1522 145 2
1523 323 0
1524 178 3
1525 201 6
1526 10 2
1527 321 0
1528 12 4
1529 195 4
1530 296 0
1531 16 5
1532 242 2
1533 148 2
1534 137 2
1535 243 0
1536 175 0
1537 221 9
1538 321 1
1539 19 5
1540 166 0
1541 241 10
1542 94 2
1543 110 8
1544 235 8
1545 319 5
1546 325 3
1547 171 0
1548 226 2
1549 340 1
1550 130 8
1551 311 1
1552 311 2
1553 11 0
1554 59 1
1555 22 2
1556 30 8
1557 103 10
1558 141 0
1559 22 1
1560 12 1
1561 296 1
1562 12 0
1563 301 3
1564 296 2
1565 297 0
1566 349 2
1567 209 1
1568 348 4
1569 198 0
1570 258 4
1571 212 2
1572 304 5
1573 147 1
1574 18 13
1575 151 3
1576 150 2
1577 44 2
1578 195 12
1579 112 2
1580 171 1
1581 78 2
1582 171 2
1583 172 0
1584 172 1
1585 54 4
1586 124 7
1587 172 2
1588 94 3
1589 128 0
1590 141 4
1591 80 1
1592 244 1
1593 279 1
1594 279 2
1595 14 7
1596 288 4
1597 280 1
1598 289 3
1599 280 2
1600 281 0
1601 67 3
1602 52 5
1603 142 3
1604 70 1
1605 72 13
1606 90 4
1607 70 0
1608 72 0
1609 254 0
1610 142 5
1611 144 4
1612 89 7
1613 110 1
1614 57 0
1615 80 2
1616 130 5
1617 128 1
1618 128 2
1619 114 4
1620 190 3
1621 68 11
1622 63 2
1623 183 2
1624 190 5
1625 192 4
1626 112 5
1627 132 4
1628 221 2
1629 157 5
1630 241 3
1631 297 1
1632 297 2
1633 230 11
1634 301 5
1635 258 2
1636 303 4
1637 221 6
1638 222 0
1639 199 1
1640 184 2
1641 243 1
1642 259 3
1643 156 4
1644 222 1
1645 188 1
1646 222 2
1647 154 1
1648 154 0
1649 129 0
1650 134 1
1651 141 1
1652 115 8
1653 141 2
1654 115 3
1655 116 6
1656 153 4
1657 142 0
1658 132 2
1659 341 0
1660 107 2
1661 108 0
1662 59 7
1663 108 1
1664 84 7
1665 86 11
1666 94 0
1667 108 2
1668 109 0
1669 135 12
1670 237 4
1671 72 1
1672 72 2
1673 55 0
1674 73 0
1675 73 1
1676 73 2
1677 67 10
1678 159 1
1679 281 1
1680 135 0
1681 133 0
1682 118 3
1683 216 4
1684 223 1
1685 149 7
1686 223 2
1687 224 1
1688 90 0
1689 90 1
1690 108 4
1691 74 0
1692 109 3
1693 201 1
1694 201 2
1695 203 1
1696 203 2
1697 206 0
1698 71 0
1699 71 1
1700 72 4
1701 71 2
1702 159 7
1703 204 0
1704 214 3
1705 315 4
1706 312 1
1707 316 3
1708 116 11
1709 312 2
1710 313 0
1711 316 5
1712 313 1
1713 238 3
1714 238 5
1715 170 11
1716 224 2
1717 265 3
1718 240 4
1719 109 1
1720 94 1
1721 127 3
1722 160 0
1723 111 4
1724 173 0
1725 82 1
1726 175 3
1727 173 1
1728 173 2
1729 175 5
1730 321 4
1731 178 5
1732 321 2
1733 322 0
1734 236 6
1735 322 1
1736 268 0
1737 219 4
1738 209 7
1739 142 1
1740 142 2
1741 117 12
1742 143 0
1743 154 3
1744 154 5
1745 143 1
1746 143 2
1747 144 0
1748 55 1
1749 55 2
1750 61 5
1751 63 4
1752 64 3
1753 46 9
1754 64 5
1755 56 1
1756 62 1
1757 70 5
1758 62 2
1759 63 0
1760 73 3
1761 56 11
1762 63 1
1763 57 12
1764 95 0
1765 210 13
1766 350 0
1767 274 5
1768 254 1
1769 190 8
1770 254 2
1771 127 5
1772 214 5
1773 155 0
1774 165 8
1775 204 1
1776 204 2
1777 166 6
1778 351 0
1779 133 1
1780 259 5
1781 146 9
1782 97 3
1783 97 0
1784 97 1
1785 97 2
1786 98 0
1787 98 1
1788 156 9
1789 184 0
1790 281 2
1791 282 0
1792 200 8
1793 205 1
1794 205 2
1795 206 1
1796 140 11
1797 206 2
1798 207 0
1799 141 12
1800 207 1
1801 207 2
1802 112 0
1803 160 8
1804 75 1
1805 91 3
1806 75 2
1807 77 1
1808 75 8
1809 77 2
1810 91 5
1811 76 6
