// The next line is the dfg name
random6_4type_invdelay
// The next lines are FU parameters given as:
// <FU type>  <resource constraint>  <# of FUs used>  <FU delay>
ADD 3 3 1
MUL 3 3 3
DIV 4 4 5
SQRT 4 4 6
actual latency 357
0 1 0
1 2 0
2 3 4
3 12 2
4 229 3
5 59 0
6 21 2
7 103 5
8 8 2
9 314 0
10 6 9
11 6 0
12 126 1
13 9 4
14 88 1
15 127 5
16 61 6
17 88 2
18 126 2
19 80 11
20 11 2
21 32 2
22 7 1
23 104 1
24 88 3
25 69 7
26 109 7
27 13 10
28 70 5
29 104 2
30 8 11
31 88 5
32 127 1
33 33 12
34 10 5
35 47 2
36 127 2
37 109 5
38 130 5
39 128 1
40 12 1
41 12 4
42 128 2
43 129 1
44 51 4
45 133 5
46 91 9
47 81 12
48 25 8
49 136 5
50 13 2
51 24 4
52 44 0
53 81 9
54 35 8
55 129 2
56 130 1
57 23 13
58 130 2
59 33 1
60 131 1
61 114 1
62 66 9
63 64 5
64 16 2
65 88 0
66 139 5
67 131 2
68 86 1
69 132 1
70 39 2
71 37 2
72 14 7
73 132 2
74 133 1
75 133 2
76 142 5
77 134 1
78 17 2
79 114 2
80 134 2
81 86 9
82 83 13
83 135 1
84 45 4
85 19 7
86 135 2
87 145 5
88 136 1
89 148 5
90 99 4
91 136 2
92 151 5
93 137 1
94 85 10
95 137 2
96 96 9
97 86 11
98 138 1
99 94 2
100 138 2
101 139 1
102 102 1
103 154 5
104 139 2
105 50 8
106 87 12
107 38 1
108 76 3
109 140 1
110 157 5
111 89 13
112 140 2
113 141 1
114 160 5
115 101 9
116 141 2
117 30 1
118 73 5
119 142 1
120 21 9
121 52 1
122 142 2
123 51 0
124 163 5
125 143 1
126 120 0
127 166 5
128 169 5
129 115 0
130 172 5
131 143 2
132 144 1
133 144 2
134 119 2
135 43 2
136 57 1
137 106 9
138 31 3
139 27 4
140 44 1
141 33 2
142 145 1
143 91 10
144 51 2
145 110 8
146 39 1
147 145 2
148 92 11
149 146 1
150 111 6
151 175 5
152 91 0
153 146 2
154 93 12
155 42 0
156 178 5
157 95 13
158 147 1
159 147 2
160 148 1
161 97 10
162 98 11
163 111 9
164 99 12
165 101 13
166 94 0
167 148 2
168 149 1
169 149 2
170 114 7
171 115 8
172 45 2
173 150 1
174 181 5
175 150 2
176 151 1
177 151 2
178 116 6
179 116 9
180 152 1
181 184 5
182 152 2
183 50 2
184 153 1
185 153 2
186 117 1
187 154 1
188 116 2
189 46 0
190 154 2
191 155 1
192 187 5
193 190 5
194 155 2
195 193 5
196 119 7
197 196 5
198 156 1
199 120 8
200 42 2
201 156 2
202 199 5
203 157 1
204 56 11
205 115 1
206 157 2
207 158 1
208 202 5
209 205 5
210 103 10
211 104 11
212 158 2
213 43 3
214 159 1
215 159 2
216 121 6
217 160 1
218 105 12
219 160 2
220 161 1
221 161 2
222 162 1
223 162 2
224 52 3
225 208 5
226 211 5
227 106 0
228 163 1
229 163 2
230 164 1
231 164 2
232 48 1
233 121 9
234 124 7
235 165 1
236 165 2
237 107 13
238 67 3
239 166 1
240 166 2
241 74 1
242 109 10
243 214 5
244 167 1
245 167 2
246 168 1
247 125 8
248 110 11
249 217 5
250 168 2
251 126 6
252 111 12
253 169 1
254 126 9
255 169 2
256 170 1
257 113 13
258 170 2
259 171 1
260 171 2
261 101 2
262 172 1
263 172 2
264 115 10
265 116 11
266 220 5
267 173 1
268 129 7
269 223 5
270 173 2
271 130 8
272 174 1
273 174 2
274 226 5
275 117 12
276 175 1
277 175 2
278 131 6
279 176 1
280 176 2
281 177 1
282 177 2
283 178 1
284 178 2
285 131 9
286 229 5
287 119 13
288 134 7
289 179 1
290 179 2
291 180 1
292 180 2
293 181 1
294 181 2
295 231 4
296 182 1
297 121 10
298 232 3
299 232 5
300 122 11
301 182 2
302 1 10
303 9 7
304 14 0
305 15 4
306 183 1
307 75 8
308 27 2
309 80 8
310 28 3
311 29 13
312 15 0
313 86 2
314 66 1
315 123 12
316 75 12
317 18 0
318 35 1
319 183 2
320 64 1
321 184 1
322 87 2
323 45 8
324 16 0
325 20 11
326 63 2
327 55 0
328 19 0
329 35 2
330 184 2
331 19 10
332 59 7
333 185 1
334 105 0
335 19 3
336 79 2
337 20 0
338 185 2
339 234 4
340 25 1
341 28 1
342 235 3
343 22 0
344 186 1
345 22 3
346 56 6
347 62 0
348 75 1
349 186 2
350 187 1
351 85 5
352 125 13
353 64 0
354 71 13
355 23 0
356 25 5
357 71 0
358 25 10
359 112 5
360 55 10
361 187 2
362 135 8
363 86 6
364 21 4
365 61 1
366 113 2
367 235 5
368 188 1
369 127 10
370 79 7
371 26 2
372 26 11
373 81 6
374 136 6
375 26 9
376 237 4
377 56 2
378 114 0
379 55 5
380 128 11
381 238 3
382 238 5
383 25 0
384 40 2
385 112 2
386 112 1
387 27 12
388 136 9
389 188 2
390 139 7
391 189 1
392 111 0
393 26 6
394 189 2
395 190 1
396 54 4
397 240 4
398 190 2
399 129 12
400 191 1
401 131 13
402 27 1
403 241 3
404 191 2
405 74 2
406 36 9
407 140 8
408 241 5
409 40 5
410 192 1
411 133 10
412 141 6
413 192 2
414 59 2
415 60 8
416 141 9
417 49 0
418 193 1
419 46 9
420 193 2
421 34 1
422 49 10
423 194 1
424 243 4
425 194 2
426 48 4
427 40 1
428 62 2
429 244 3
430 195 1
431 41 6
432 195 2
433 196 1
434 92 0
435 244 5
436 144 7
437 28 2
438 196 2
439 145 8
440 90 2
441 65 0
442 197 1
443 246 4
444 85 2
445 247 3
446 146 6
447 247 5
448 197 2
449 198 1
450 65 13
451 146 9
452 198 2
453 249 4
454 199 1
455 149 7
456 92 2
457 199 2
458 200 1
459 49 5
460 250 3
461 250 5
462 111 1
463 55 8
464 252 4
465 253 3
466 55 1
467 60 1
468 72 0
469 134 11
470 200 2
471 201 1
472 135 12
473 201 2
474 31 9
475 202 1
476 202 2
477 53 1
478 203 1
479 253 5
480 69 4
481 203 2
482 255 4
483 62 1
484 256 3
485 204 1
486 204 2
487 256 5
488 205 1
489 258 4
490 150 8
491 77 2
492 31 6
493 205 2
494 206 1
495 151 6
496 137 13
497 259 3
498 206 2
499 207 1
500 259 5
501 207 2
502 208 1
503 139 10
504 261 4
505 208 2
506 151 9
507 154 7
508 209 1
509 262 3
510 209 2
511 210 1
512 140 11
513 52 2
514 84 1
515 97 5
516 98 2
517 66 2
518 210 2
519 211 1
520 211 2
521 262 5
522 141 12
523 70 1
524 264 4
525 116 1
526 143 13
527 212 1
528 212 2
529 265 3
530 155 8
531 213 1
532 156 6
533 145 10
534 265 5
535 213 2
536 156 9
537 214 1
538 267 4
539 214 2
540 215 1
541 215 2
542 216 1
543 216 2
544 217 1
545 159 7
546 217 2
547 218 1
548 146 11
549 218 2
550 268 3
551 219 1
552 219 2
553 268 5
554 83 1
555 220 1
556 220 2
557 270 4
558 118 1
559 221 1
560 221 2
561 222 1
562 271 3
563 222 2
564 223 1
565 271 5
566 273 4
567 223 2
568 160 8
569 224 1
570 224 2
571 225 1
572 225 2
573 161 6
574 226 1
575 226 2
576 37 5
577 161 9
578 147 12
579 227 1
580 274 3
581 274 5
582 227 2
583 125 2
584 276 4
585 228 1
586 277 3
587 228 2
588 277 5
589 149 13
590 164 7
591 165 8
592 229 1
593 229 2
594 151 10
595 230 1
596 230 2
597 152 11
598 279 4
599 153 12
600 155 13
601 231 1
602 231 2
603 232 1
604 280 3
605 157 10
606 232 2
607 1 6
608 6 4
609 61 0
610 6 2
611 7 10
612 7 3
613 28 0
614 7 2
615 11 9
616 99 0
617 11 6
618 100 5
619 280 5
620 32 1
621 282 4
622 41 1
623 72 4
624 158 11
625 115 2
626 233 1
627 80 1
628 8 1
629 46 3
630 8 0
631 117 0
632 59 13
633 9 0
634 233 2
635 18 2
636 13 1
637 159 12
638 36 1
639 16 9
640 234 1
641 38 11
642 36 2
643 81 0
644 10 0
645 234 2
646 235 1
647 97 1
648 84 4
649 96 1
650 235 2
651 283 3
652 118 2
653 236 1
654 83 0
655 39 0
656 11 13
657 236 2
658 237 1
659 237 2
660 161 13
661 238 1
662 89 7
663 238 2
664 239 1
665 79 10
666 71 9
667 34 2
668 239 2
669 166 6
670 36 0
671 96 0
672 71 1
673 240 1
674 71 2
675 37 1
676 96 2
677 29 1
678 76 1
679 240 2
680 101 0
681 99 1
682 241 1
683 74 7
684 283 5
685 40 0
686 241 2
687 74 0
688 166 9
689 163 10
690 53 0
691 242 1
692 164 11
693 16 6
694 37 10
695 242 2
696 43 1
697 243 1
698 103 1
699 74 11
700 243 2
701 244 1
702 95 0
703 49 7
704 285 4
705 107 1
706 244 2
707 286 3
708 31 2
709 108 2
710 17 0
711 25 2
712 169 7
713 109 1
714 82 2
715 245 1
716 286 5
717 108 1
718 85 8
719 288 4
720 27 0
721 93 4
722 31 10
723 245 2
724 126 4
725 246 1
726 21 6
727 289 3
728 54 0
729 289 5
730 246 2
731 49 3
732 124 3
733 54 7
734 37 3
735 170 8
736 247 1
737 110 1
738 124 1
739 77 13
740 165 12
741 247 2
742 122 2
743 167 13
744 75 4
745 248 1
746 248 2
747 249 1
748 249 2
749 250 1
750 250 2
751 171 6
752 42 1
753 36 4
754 251 1
755 291 4
756 251 2
757 252 1
758 252 2
759 253 1
760 169 10
761 253 2
762 170 11
763 76 6
764 254 1
765 36 6
766 254 2
767 103 3
768 57 0
769 123 4
770 94 1
771 255 1
772 255 2
773 256 1
774 292 3
775 256 2
776 56 1
777 37 0
778 257 1
779 100 2
780 257 2
781 226 3
782 258 1
783 107 0
784 82 1
785 67 10
786 61 9
787 103 0
788 258 2
789 28 5
790 58 3
791 259 1
792 259 2
793 57 4
794 90 4
795 122 1
796 260 1
797 260 2
798 50 1
799 171 9
800 220 3
801 261 1
802 114 4
803 112 3
804 261 2
805 262 1
806 38 0
807 174 7
808 262 2
809 214 3
810 263 1
811 263 2
812 171 12
813 264 1
814 264 2
815 265 1
816 208 3
817 106 3
818 124 0
819 102 2
820 265 2
821 173 13
822 91 2
823 266 1
824 266 2
825 267 1
826 267 2
827 175 10
828 105 4
829 175 8
830 202 3
831 196 3
832 268 1
833 268 2
834 269 1
835 269 2
836 176 11
837 46 2
838 177 12
839 176 6
840 45 1
841 179 13
842 102 4
843 181 10
844 176 9
845 270 1
846 46 1
847 270 2
848 190 3
849 271 1
850 271 2
851 272 1
852 182 11
853 64 3
854 272 2
855 184 3
856 273 1
857 178 3
858 183 12
859 273 2
860 274 1
861 185 13
862 172 3
863 274 2
864 275 1
865 166 3
866 160 3
867 154 3
868 187 10
869 179 7
870 275 2
871 148 3
872 276 1
873 276 2
874 180 8
875 277 1
876 277 2
877 181 6
878 278 1
879 181 9
880 142 3
881 136 3
882 278 2
883 279 1
884 130 3
885 127 3
886 184 7
887 279 2
888 280 1
889 280 2
890 281 1
891 185 8
892 281 2
893 282 1
894 282 2
895 188 11
896 129 4
897 283 1
898 283 2
899 284 1
900 284 2
901 285 1
902 285 2
903 286 1
904 189 12
905 286 2
906 186 6
907 287 1
908 1 3
909 4 0
910 5 0
911 7 5
912 6 1
913 7 0
914 43 0
915 9 1
916 15 2
917 45 0
918 191 13
919 10 8
920 132 4
921 10 2
922 287 2
923 16 5
924 4 7
925 16 3
926 115 5
927 19 1
928 288 1
929 34 5
930 21 12
931 60 0
932 73 10
933 288 2
934 10 1
935 289 1
936 133 3
937 61 5
938 20 1
939 289 2
940 29 0
941 73 1
942 19 2
943 56 9
944 186 9
945 11 0
946 89 0
947 80 2
948 290 1
949 34 0
950 15 12
951 125 1
952 290 2
953 291 1
954 291 2
955 193 10
956 44 7
957 22 1
958 48 0
959 135 4
960 22 5
961 120 2
962 79 5
963 105 8
964 51 9
965 58 2
966 194 11
967 138 4
968 292 1
969 292 2
970 293 1
971 30 0
972 43 10
973 293 2
974 51 12
975 100 8
976 294 1
977 66 0
978 92 1
979 84 7
980 55 2
981 139 3
982 99 2
983 294 2
984 141 4
985 75 0
986 295 1
987 295 2
988 30 2
989 195 12
990 70 0
991 50 0
992 100 3
993 67 0
994 296 1
995 197 13
996 89 1
997 53 2
998 31 0
999 77 1
1000 64 2
1001 95 8
1002 106 1
1003 296 2
1004 297 1
1005 23 2
1006 297 2
1007 298 1
1008 126 0
1009 85 3
1010 90 8
1011 199 10
1012 127 0
1013 31 5
1014 95 1
1015 200 11
1016 298 2
1017 128 0
1018 91 6
1019 52 0
1020 129 0
1021 130 0
1022 144 4
1023 299 1
1024 94 7
1025 91 3
1026 93 2
1027 96 6
1028 106 2
1029 69 0
1030 131 0
1031 132 0
1032 93 1
1033 299 2
1034 145 3
1035 133 0
1036 134 0
1037 300 1
1038 99 7
1039 30 8
1040 32 0
1041 201 12
1042 121 3
1043 135 0
1044 147 4
1045 203 13
1046 81 2
1047 86 0
1048 136 0
1049 300 2
1050 205 10
1051 67 5
1052 105 2
1053 150 4
1054 137 0
1055 138 0
1056 301 1
1057 206 11
1058 151 3
1059 139 0
1060 140 0
1061 101 6
1062 153 4
1063 301 2
1064 207 12
1065 104 7
1066 141 0
1067 156 4
1068 142 0
1069 302 1
1070 70 8
1071 46 5
1072 143 0
1073 157 3
1074 144 0
1075 159 4
1076 162 4
1077 105 1
1078 302 2
1079 163 3
1080 145 0
1081 146 0
1082 165 4
1083 303 1
1084 168 4
1085 147 0
1086 148 0
1087 303 2
1088 149 0
1089 150 0
1090 304 1
1091 33 0
1092 151 0
1093 209 13
1094 152 0
1095 304 2
1096 49 2
1097 35 13
1098 211 10
1099 153 0
1100 154 0
1101 169 3
1102 106 6
1103 171 4
1104 305 1
1105 155 0
1106 156 0
1107 67 2
1108 174 4
1109 212 11
1110 175 3
1111 189 7
1112 305 2
1113 157 0
1114 158 0
1115 53 13
1116 177 4
1117 190 8
1118 66 6
1119 306 1
1120 159 0
1121 160 0
1122 213 12
1123 191 6
1124 180 4
1125 306 2
1126 82 5
1127 181 3
1128 161 0
1129 162 0
1130 191 9
1131 307 1
1132 183 4
1133 163 0
1134 68 0
1135 164 0
1136 307 2
1137 165 0
1138 186 4
1139 58 1
1140 85 1
1141 118 3
1142 166 0
1143 194 7
1144 308 1
1145 187 3
1146 215 13
1147 195 8
1148 167 0
1149 168 0
1150 308 2
1151 189 4
1152 196 6
1153 169 0
1154 196 9
1155 83 2
1156 170 0
1157 192 4
1158 309 1
1159 171 0
1160 217 10
1161 199 7
1162 200 8
1163 172 0
1164 193 3
1165 218 11
1166 309 2
1167 173 0
1168 174 0
1169 310 1
1170 175 0
1171 176 0
1172 195 4
1173 310 2
1174 177 0
1175 178 0
1176 198 4
1177 201 6
1178 311 1
1179 179 0
1180 199 3
1181 180 0
1182 311 2
1183 181 0
1184 182 0
1185 312 1
1186 201 4
1187 183 0
1188 184 0
1189 312 2
1190 185 0
1191 186 0
1192 313 1
1193 204 4
1194 187 0
1195 188 0
1196 205 3
1197 313 2
1198 189 0
1199 219 12
1200 190 0
1201 207 4
1202 201 9
1203 314 1
1204 204 7
1205 191 0
1206 210 4
1207 205 8
1208 192 0
1209 1 2
1210 2 1
1211 3 0
1212 3 12
1213 3 1
1214 96 4
1215 17 1
1216 79 3
1217 97 3
1218 18 4
1219 121 0
1220 82 0
1221 122 0
1222 4 2
1223 4 1
1224 124 5
1225 4 3
1226 21 1
1227 33 4
1228 3 2
1229 115 3
1230 82 3
1231 55 3
1232 100 1
1233 39 12
1234 314 2
1235 211 3
1236 4 5
1237 26 0
1238 57 2
1239 23 1
1240 5 8
1241 5 1
1242 5 2
1243 193 0
1244 72 2
1245 5 13
1246 213 4
1247 24 2
1248 54 1
1249 85 0
1250 9 2
1251 26 1
1252 24 7
1253 119 1
1254 13 5
1255 194 0
1256 14 11
1257 18 1
1258 206 6
1259 60 4
1260 63 12
1261 315 0
1262 38 2
1263 119 0
1264 206 9
1265 40 8
1266 117 4
1267 22 2
1268 61 2
1269 195 0
1270 221 13
1271 89 2
1272 196 0
1273 209 7
1274 75 2
1275 315 1
1276 197 0
1277 210 8
1278 69 2
1279 198 0
1280 24 1
1281 45 12
1282 123 2
1283 20 8
1284 223 10
1285 315 2
1286 29 2
1287 199 0
1288 6 6
1289 63 1
1290 200 0
1291 62 11
1292 211 6
1293 316 0
1294 201 0
1295 202 0
1296 77 0
1297 44 2
1298 316 1
1299 39 4
1300 216 4
1301 78 2
1302 203 0
1303 204 0
1304 57 12
1305 316 2
1306 61 3
1307 113 0
1308 205 0
1309 125 0
1310 206 0
1311 65 8
1312 217 3
1313 317 0
1314 207 0
1315 110 0
1316 208 0
1317 50 11
1318 112 0
1319 317 1
1320 219 4
1321 51 6
1322 211 9
1323 20 2
1324 214 7
1325 209 0
1326 65 2
1327 121 5
1328 210 0
1329 317 2
1330 9 12
1331 211 0
1332 118 5
1333 212 0
1334 95 2
1335 78 0
1336 49 1
1337 222 4
1338 44 11
1339 215 8
1340 223 3
1341 216 6
1342 216 9
1343 318 0
1344 213 0
1345 51 1
1346 225 4
1347 2 2
1348 219 7
1349 98 1
1350 100 0
1351 214 0
1352 224 11
1353 69 12
1354 318 1
1355 215 0
1356 21 0
1357 225 12
1358 216 0
1359 318 2
1360 109 0
1361 217 0
1362 218 0
1363 79 1
1364 319 0
1365 219 0
1366 24 0
1367 68 11
1368 228 4
1369 29 7
1370 220 0
1371 220 8
1372 319 1
1373 221 0
1374 221 6
1375 222 0
1376 78 1
1377 319 2
1378 292 5
1379 223 0
1380 76 2
1381 224 0
1382 320 0
1383 70 3
1384 227 13
1385 225 0
1386 226 0
1387 221 9
1388 224 7
1389 320 1
1390 227 0
1391 124 2
1392 228 0
1393 229 10
1394 320 2
1395 229 0
1396 230 0
1397 78 4
1398 321 0
1399 231 0
1400 232 0
1401 321 1
1402 225 8
1403 233 0
1404 294 4
1405 234 0
1406 121 2
1407 230 11
1408 321 2
1409 235 0
1410 236 0
1411 322 0
1412 237 0
1413 238 0
1414 76 9
1415 322 1
1416 61 10
1417 101 1
1418 239 0
1419 226 6
1420 226 9
1421 123 0
1422 240 0
1423 322 2
1424 241 0
1425 295 3
1426 242 0
1427 47 13
1428 323 0
1429 243 0
1430 231 12
1431 244 0
1432 323 1
1433 245 0
1434 246 0
1435 229 7
1436 233 13
1437 230 8
1438 323 2
1439 41 0
1440 247 0
1441 248 0
1442 235 10
1443 324 0
1444 295 5
1445 236 11
1446 249 0
1447 250 0
1448 324 1
1449 251 0
1450 237 12
1451 252 0
1452 324 2
1453 231 6
1454 231 9
1455 234 7
1456 253 0
1457 235 8
1458 236 6
1459 254 0
1460 236 9
1461 87 0
1462 297 4
1463 325 0
1464 255 0
1465 256 0
1466 298 3
1467 325 1
1468 257 0
1469 90 1
1470 298 5
1471 258 0
1472 239 13
1473 325 2
1474 259 0
1475 47 1
1476 241 10
1477 260 0
1478 326 0
1479 300 4
1480 301 3
1481 261 0
1482 262 0
1483 242 11
1484 326 1
1485 263 0
1486 264 0
1487 326 2
1488 301 5
1489 67 1
1490 265 0
1491 303 4
1492 266 0
1493 327 0
1494 267 0
1495 268 0
1496 327 1
1497 269 0
1498 239 7
1499 304 3
1500 270 0
1501 327 2
1502 243 12
1503 271 0
1504 304 5
1505 272 0
1506 328 0
1507 273 0
1508 306 4
1509 240 8
1510 274 0
1511 328 1
1512 241 6
1513 275 0
1514 1 1
1515 2 11
1516 276 0
1517 60 2
1518 11 1
1519 15 1
1520 10 3
1521 117 2
1522 59 1
1523 97 2
1524 42 4
1525 46 6
1526 12 0
1527 328 2
1528 13 3
1529 81 4
1530 277 0
1531 19 5
1532 278 0
1533 69 1
1534 72 1
1535 329 0
1536 98 0
1537 64 7
1538 279 0
1539 25 3
1540 107 2
1541 245 13
1542 16 1
1543 39 7
1544 241 9
1545 307 3
1546 307 5
1547 280 0
1548 97 0
1549 109 2
1550 34 7
1551 329 1
1552 281 0
1553 13 0
1554 80 0
1555 35 0
1556 41 9
1557 247 10
1558 282 0
1559 31 1
1560 14 1
1561 329 2
1562 14 2
1563 309 4
1564 283 0
1565 284 0
1566 110 2
1567 58 0
1568 109 3
1569 84 0
1570 310 3
1571 121 1
1572 108 4
1573 54 2
1574 17 13
1575 58 5
1576 70 2
1577 68 2
1578 248 11
1579 81 1
1580 330 0
1581 65 1
1582 285 0
1583 286 0
1584 330 1
1585 30 4
1586 244 7
1587 287 0
1588 87 4
1589 288 0
1590 310 5
1591 90 0
1592 123 1
1593 330 2
1594 289 0
1595 15 8
1596 312 4
1597 290 0
1598 313 3
1599 331 0
1600 291 0
1601 43 5
1602 34 3
1603 313 5
1604 111 2
1605 249 12
1606 315 4
1607 84 2
1608 292 0
1609 331 1
1610 316 3
1611 316 5
1612 245 8
1613 113 1
1614 48 2
1615 87 1
1616 106 5
1617 293 0
1618 294 0
1619 40 3
1620 318 4
1621 41 13
1622 41 2
1623 331 2
1624 319 3
1625 319 5
1626 66 4
1627 52 5
1628 295 0
1629 120 4
1630 91 5
1631 296 0
1632 332 0
1633 251 13
1634 321 4
1635 118 0
1636 322 3
1637 246 6
1638 297 0
1639 91 1
1640 93 0
1641 298 0
1642 322 5
1643 63 4
1644 332 1
1645 102 0
1646 299 0
1647 73 2
1648 63 0
1649 300 0
1650 120 1
1651 332 2
1652 246 9
1653 301 0
1654 94 3
1655 249 7
1656 324 4
1657 302 0
1658 104 0
1659 333 0
1660 303 0
1661 304 0
1662 71 6
1663 333 1
1664 250 8
1665 253 10
1666 103 2
1667 305 0
1668 306 0
1669 254 11
1670 325 3
1671 333 2
1672 307 0
1673 47 0
1674 308 0
1675 334 0
1676 309 0
1677 255 12
1678 76 0
1679 310 0
1680 334 1
1681 311 0
1682 325 5
1683 94 5
1684 312 0
1685 251 6
1686 334 2
1687 313 0
1688 335 0
1689 335 1
1690 327 4
1691 68 1
1692 328 3
1693 335 2
1694 336 0
1695 336 1
1696 336 2
1697 79 0
1698 337 0
1699 337 1
1700 328 5
1701 337 2
1702 251 9
1703 338 0
1704 330 4
1705 331 3
1706 338 1
1707 331 5
1708 32 11
1709 338 2
1710 339 0
1711 333 4
1712 339 1
1713 334 3
1714 334 5
1715 257 13
1716 339 2
1717 111 4
1718 336 4
1719 340 0
1720 108 0
1721 337 3
1722 340 1
1723 76 5
1724 340 2
1725 56 0
1726 337 5
1727 341 0
1728 341 1
1729 339 4
1730 340 3
1731 73 3
1732 341 2
1733 342 0
1734 254 7
1735 342 1
1736 342 2
1737 340 5
1738 255 8
1739 343 0
1740 343 1
1741 259 10
1742 343 2
1743 342 4
1744 343 3
1745 344 0
1746 344 1
1747 344 2
1748 345 0
1749 345 1
1750 343 5
1751 345 4
1752 346 3
1753 256 6
1754 346 5
1755 116 0
1756 345 2
1757 348 4
1758 346 0
1759 346 1
1760 349 3
1761 260 11
1762 346 2
1763 261 12
1764 347 0
1765 263 13
1766 347 1
1767 349 5
1768 347 2
1769 256 9
1770 348 0
1771 351 4
1772 352 3
1773 73 0
1774 259 7
1775 348 1
1776 348 2
1777 260 8
1778 349 0
1779 349 1
1780 352 5
1781 261 6
1782 354 4
1783 349 2
1784 350 0
1785 350 1
1786 350 2
1787 351 0
1788 261 9
1789 351 1
1790 351 2
1791 352 0
1792 264 7
1793 352 1
1794 352 2
1795 353 0
1796 265 10
1797 353 1
1798 353 2
1799 266 11
1800 354 0
1801 354 1
1802 354 2
1803 265 8
1804 355 0
1805 355 3
1806 355 1
1807 355 2
1808 266 6
1809 356 0
1810 355 5
1811 266 9
