// The next line is the dfg name
random4_4type_invdelay
// The next lines are FU parameters given as:
// <FU type>  <resource constraint>  <# of FUs used>  <FU delay>
ADD 2 2 1
MUL 2 2 3
DIV 2 2 5
SQRT 2 2 6
actual latency 272
0 1 1
1 2 6
2 89 1
3 33 1
4 8 0
5 13 5
6 14 3
7 35 1
8 8 1
9 204 0
10 42 1
11 17 0
12 11 3
13 9 1
14 9 7
15 54 1
16 20 3
17 91 1
18 92 1
19 93 1
20 94 1
21 20 1
22 95 1
23 10 1
24 44 3
25 34 1
26 12 0
27 40 2
28 22 0
29 63 5
30 68 3
31 12 4
32 96 1
33 25 2
34 97 1
35 21 1
36 98 1
37 100 2
38 41 3
39 102 4
40 103 5
41 85 0
42 63 0
43 43 0
44 123 7
45 122 6
46 99 1
47 100 1
48 101 1
49 33 7
50 32 6
51 101 3
52 107 4
53 59 0
54 38 1
55 102 1
56 103 1
57 128 6
58 58 0
59 93 5
60 103 2
61 104 3
62 81 0
63 44 0
64 16 2
65 116 6
66 56 1
67 104 1
68 129 7
69 94 2
70 92 4
71 105 1
72 106 2
73 108 5
74 107 3
75 106 1
76 58 5
77 134 6
78 16 1
79 107 1
80 109 2
81 108 1
82 110 3
83 109 1
84 68 5
85 48 5
86 110 1
87 112 4
88 111 1
89 52 1
90 112 1
91 113 1
92 114 1
93 26 1
94 115 1
95 116 1
96 20 6
97 47 1
98 117 1
99 118 1
100 112 2
101 46 1
102 119 1
103 43 1
104 72 0
105 113 3
106 113 5
107 28 1
108 25 1
109 122 1
110 82 4
111 75 7
112 115 2
113 56 3
114 62 1
115 71 1
116 18 5
117 117 4
118 120 1
119 73 0
120 37 1
121 135 7
122 57 7
123 118 5
124 30 0
125 121 1
126 123 1
127 29 0
128 116 3
129 124 1
130 29 1
131 125 1
132 26 6
133 122 4
134 118 2
135 126 1
136 119 3
137 127 1
138 128 1
139 129 1
140 130 1
141 73 5
142 50 3
143 121 2
144 131 1
145 132 1
146 140 6
147 133 1
148 134 1
149 123 5
150 53 1
151 74 0
152 76 2
153 135 1
154 136 1
155 127 4
156 122 3
157 137 1
158 138 1
159 39 1
160 139 1
161 140 1
162 62 4
163 141 1
164 69 1
165 124 2
166 54 0
167 67 4
168 142 1
169 143 1
170 144 1
171 125 3
172 145 1
173 146 1
174 147 1
175 148 1
176 77 4
177 127 2
178 149 1
179 33 0
180 150 1
181 128 3
182 151 1
183 75 0
184 82 0
185 141 7
186 130 2
187 76 0
188 77 0
189 152 1
190 55 0
191 78 0
192 131 3
193 128 5
194 153 1
195 154 1
196 133 2
197 56 0
198 155 1
199 156 1
200 157 1
201 158 1
202 134 3
203 159 1
204 136 2
205 160 1
206 161 1
207 162 1
208 132 4
209 137 3
210 133 5
211 163 1
212 79 0
213 164 1
214 165 1
215 166 1
216 167 1
217 168 1
218 169 1
219 170 1
220 171 1
221 172 1
222 139 2
223 68 0
224 68 1
225 173 1
226 140 3
227 142 2
228 143 3
229 53 3
230 174 1
231 137 4
232 85 2
233 175 1
234 176 1
235 145 2
236 146 3
237 177 1
238 148 2
239 149 3
240 98 6
241 178 1
242 146 6
243 179 1
244 180 1
245 181 1
246 182 1
247 138 5
248 183 1
249 184 1
250 80 0
251 185 1
252 39 0
253 186 1
254 187 1
255 188 1
256 23 5
257 38 5
258 151 2
259 189 1
260 152 3
261 154 2
262 190 1
263 147 7
264 191 1
265 155 3
266 192 1
267 193 1
268 58 1
269 194 1
270 142 4
271 195 1
272 196 1
273 157 2
274 143 5
275 197 1
276 198 1
277 152 6
278 199 1
279 200 1
280 158 3
281 40 1
282 147 4
283 153 7
284 201 1
285 202 1
286 160 2
287 203 1
288 204 1
289 205 0
290 161 3
291 163 2
292 205 1
293 206 0
294 164 3
295 206 1
296 207 0
297 207 1
298 166 2
299 148 5
300 208 0
301 167 3
302 208 1
303 209 0
304 158 6
305 209 1
306 1 0
307 2 1
308 2 3
309 2 4
310 3 0
311 2 0
312 3 1
313 8 6
314 3 7
315 169 2
316 14 0
317 170 3
318 78 5
319 14 1
320 23 0
321 83 0
322 81 7
323 9 0
324 15 1
325 10 0
326 210 0
327 10 2
328 24 1
329 59 1
330 16 0
331 152 4
332 86 6
333 153 5
334 210 1
335 86 3
336 13 0
337 57 1
338 18 0
339 211 0
340 172 2
341 21 7
342 88 2
343 42 4
344 84 0
345 83 5
346 86 0
347 157 4
348 173 3
349 5 3
350 15 0
351 211 1
352 72 4
353 69 7
354 36 0
355 17 3
356 6 0
357 212 0
358 212 1
359 213 0
360 52 2
361 19 0
362 213 1
363 175 2
364 15 7
365 159 7
366 164 6
367 33 5
368 44 1
369 22 2
370 165 7
371 23 1
372 214 0
373 176 3
374 214 1
375 215 0
376 35 0
377 52 4
378 215 1
379 216 0
380 87 4
381 216 1
382 217 0
383 87 0
384 88 0
385 158 5
386 20 0
387 39 7
388 22 1
389 31 2
390 217 1
391 27 1
392 218 0
393 162 4
394 87 7
395 218 1
396 170 6
397 83 3
398 88 5
399 45 1
400 97 4
401 89 0
402 47 3
403 219 0
404 25 0
405 219 1
406 178 2
407 55 2
408 220 0
409 45 7
410 220 1
411 171 7
412 26 0
413 79 2
414 221 0
415 63 1
416 89 3
417 221 1
418 176 6
419 222 0
420 179 3
421 32 4
422 70 1
423 27 0
424 90 0
425 222 1
426 22 4
427 163 5
428 181 2
429 182 3
430 92 6
431 57 4
432 223 0
433 177 7
434 167 4
435 28 5
436 34 2
437 223 1
438 224 0
439 80 6
440 93 7
441 224 1
442 225 0
443 225 1
444 226 0
445 226 1
446 90 1
447 227 0
448 77 3
449 227 1
450 64 1
451 182 6
452 50 6
453 66 1
454 228 0
455 228 1
456 66 0
457 229 0
458 168 5
459 184 2
460 46 0
461 229 1
462 230 0
463 183 7
464 34 0
465 188 6
466 185 3
467 91 2
468 172 4
469 92 3
470 83 1
471 230 1
472 189 7
473 231 0
474 173 5
475 231 1
476 82 2
477 232 0
478 74 3
479 68 6
480 177 4
481 91 0
482 232 1
483 187 2
484 88 1
485 92 0
486 233 0
487 97 0
488 188 3
489 190 2
490 53 5
491 93 0
492 191 3
493 94 0
494 233 1
495 95 0
496 193 2
497 96 0
498 194 3
499 58 2
500 98 0
501 60 0
502 99 0
503 196 2
504 178 5
505 234 0
506 197 3
507 100 0
508 48 1
509 87 1
510 101 0
511 102 0
512 103 0
513 104 0
514 105 0
515 106 0
516 85 1
517 107 0
518 108 0
519 109 0
520 234 1
521 110 0
522 194 6
523 62 0
524 111 0
525 50 1
526 82 1
527 65 3
528 199 2
529 182 4
530 112 0
531 113 0
532 195 7
533 114 0
534 47 4
535 115 0
536 183 5
537 235 0
538 116 0
539 122 0
540 200 3
541 117 0
542 118 0
543 119 0
544 86 1
545 200 6
546 202 2
547 120 0
548 61 0
549 121 0
550 203 3
551 128 0
552 123 0
553 187 4
554 65 0
555 205 2
556 201 7
557 124 0
558 125 0
559 126 0
560 127 0
561 206 3
562 206 6
563 207 7
564 129 0
565 130 0
566 131 0
567 132 0
568 133 0
569 188 5
570 192 4
571 28 0
572 134 0
573 135 0
574 193 5
575 136 0
576 197 4
577 63 7
578 208 2
579 137 0
580 138 0
581 198 5
582 139 0
583 209 3
584 211 2
585 140 0
586 212 3
587 214 2
588 141 0
589 215 3
590 142 0
591 143 0
592 144 0
593 145 0
594 217 2
595 146 0
596 218 3
597 147 0
598 148 0
599 149 0
600 150 0
601 151 0
602 152 0
603 212 6
604 202 4
605 1 2
606 4 0
607 5 0
608 6 1
609 5 1
610 8 3
611 4 2
612 7 0
613 7 1
614 220 2
615 7 4
616 43 5
617 49 1
618 11 0
619 221 3
620 99 7
621 51 0
622 64 2
623 67 2
624 27 7
625 81 1
626 213 7
627 7 2
628 153 0
629 8 5
630 55 1
631 32 1
632 52 0
633 79 1
634 11 1
635 31 1
636 223 2
637 154 0
638 155 0
639 19 2
640 224 3
641 13 2
642 12 1
643 203 5
644 38 3
645 19 1
646 61 1
647 156 0
648 14 6
649 157 0
650 207 4
651 158 0
652 208 5
653 18 1
654 80 3
655 73 2
656 159 0
657 28 2
658 42 0
659 13 1
660 45 0
661 218 6
662 71 3
663 70 0
664 30 1
665 160 0
666 62 6
667 78 1
668 21 0
669 104 6
670 17 4
671 41 1
672 219 7
673 226 2
674 40 0
675 57 0
676 161 0
677 67 1
678 23 3
679 162 0
680 24 0
681 163 0
682 53 0
683 67 0
684 62 3
685 164 0
686 64 0
687 212 4
688 69 0
689 165 0
690 224 6
691 17 1
692 77 1
693 98 5
694 225 7
695 227 3
696 166 0
697 229 2
698 105 7
699 167 0
700 168 0
701 47 0
702 169 0
703 49 0
704 170 0
705 230 3
706 27 4
707 171 0
708 172 0
709 32 0
710 230 6
711 110 6
712 173 0
713 174 0
714 175 0
715 31 0
716 176 0
717 84 1
718 37 4
719 177 0
720 232 2
721 178 0
722 70 2
723 213 5
724 179 0
725 37 0
726 76 1
727 180 0
728 233 3
729 48 0
730 181 0
731 26 3
732 182 0
733 217 4
734 35 3
735 95 3
736 183 0
737 74 6
738 184 0
739 75 1
740 185 0
741 218 5
742 38 6
743 186 0
744 235 2
745 46 2
746 187 0
747 188 0
748 44 6
749 236 3
750 189 0
751 190 0
752 111 7
753 97 2
754 222 4
755 191 0
756 38 0
757 61 2
758 231 7
759 36 1
760 32 3
761 238 2
762 236 6
763 192 0
764 239 3
765 80 1
766 193 0
767 241 2
768 237 7
769 194 0
770 223 5
771 98 3
772 43 2
773 242 3
774 195 0
775 196 0
776 197 0
777 65 1
778 50 0
779 227 4
780 198 0
781 199 0
782 200 0
783 201 0
784 51 1
785 202 0
786 203 0
787 235 1
788 236 0
789 236 1
790 228 5
791 49 2
792 29 3
793 237 0
794 237 1
795 232 4
796 60 1
797 41 0
798 238 0
799 238 1
800 244 2
801 239 0
802 71 0
803 239 1
804 240 0
805 245 3
806 73 1
807 247 2
808 37 2
809 248 3
810 240 1
811 241 0
812 241 1
813 242 0
814 250 2
815 242 1
816 74 1
817 251 3
818 243 0
819 243 1
820 117 7
821 244 0
822 244 1
823 72 1
824 245 0
825 233 5
826 253 2
827 237 4
828 245 1
829 56 6
830 254 3
831 246 0
832 246 1
833 238 5
834 247 0
835 242 4
836 256 2
837 247 1
838 257 3
839 242 6
840 248 0
841 259 2
842 51 7
843 243 5
844 243 7
845 247 4
846 248 1
847 249 0
848 249 1
849 260 3
850 248 6
851 250 0
852 250 1
853 251 0
854 248 5
855 251 1
856 262 2
857 252 0
858 252 1
859 253 0
860 253 1
861 254 0
862 254 1
863 255 0
864 59 3
865 255 1
866 256 0
867 256 1
868 252 4
869 263 3
870 257 0
871 253 5
872 257 1
873 249 7
874 258 0
875 258 1
876 257 4
877 259 0
878 258 5
879 254 6
880 259 1
881 260 0
882 260 1
883 255 7
884 261 0
885 262 4
886 261 1
887 262 0
888 263 5
889 262 1
890 263 0
891 263 1
892 264 0
893 267 4
894 260 6
895 268 5
896 264 1
897 261 7
898 265 0
899 265 2
900 265 1
901 266 0
902 266 6
903 266 3
904 266 1
905 267 0
