// The next line is the dfg name
random4_4type_uniform
// The next lines are FU parameters given as:
// <FU type>  <resource constraint>  <# of FUs used>  <FU delay>
ADD 1 1 1
MUL 2 2 3
DIV 3 3 5
SQRT 4 4 6
actual latency 383
0 1 3
1 6 9
2 102 2
3 34 1
4 12 0
5 84 8
6 14 4
7 16 0
8 13 1
9 151 1
10 64 4
11 28 5
12 13 6
13 14 0
14 16 7
15 69 2
16 34 4
17 153 2
18 154 1
19 168 5
20 68 0
21 18 5
22 69 0
23 21 2
24 48 5
25 52 1
26 15 0
27 53 5
28 54 4
29 58 7
30 108 5
31 24 9
32 156 2
33 38 5
34 70 0
35 23 0
36 157 1
37 169 4
38 58 5
39 151 6
40 144 9
41 105 2
42 46 0
43 58 0
44 150 9
45 138 8
46 159 2
47 71 0
48 79 0
49 48 8
50 48 9
51 172 3
52 154 7
53 91 1
54 61 1
55 160 1
56 162 2
57 156 8
58 57 0
59 109 6
60 156 9
61 173 5
62 90 0
63 60 2
64 19 4
65 132 8
66 70 1
67 163 1
68 157 6
69 133 5
70 114 9
71 165 2
72 174 4
73 160 7
74 177 3
75 166 1
76 52 7
77 162 8
78 31 1
79 178 5
80 179 4
81 80 0
82 162 9
83 81 0
84 85 6
85 64 7
86 168 2
87 163 6
88 84 0
89 50 0
90 85 0
91 86 0
92 182 3
93 33 5
94 169 1
95 171 2
96 24 8
97 54 2
98 172 1
99 174 2
100 183 5
101 45 0
102 175 1
103 44 0
104 128 5
105 184 4
106 166 7
107 24 0
108 36 2
109 138 0
110 126 8
111 76 7
112 187 3
113 79 4
114 123 5
115 43 0
116 36 9
117 168 8
118 177 2
119 52 0
120 58 1
121 168 9
122 106 7
123 169 6
124 39 0
125 188 5
126 178 1
127 39 2
128 189 4
129 180 2
130 38 0
131 88 0
132 30 9
133 172 7
134 192 3
135 181 1
136 193 5
137 183 2
138 89 0
139 91 0
140 92 0
141 127 6
142 43 6
143 194 4
144 93 0
145 94 0
146 174 8
147 95 0
148 184 1
149 174 9
150 92 3
151 106 1
152 100 7
153 96 0
154 97 0
155 175 6
156 197 3
157 98 0
158 99 0
159 55 1
160 186 2
161 187 1
162 25 6
163 101 0
164 73 1
165 198 5
166 75 2
167 97 6
168 189 2
169 199 4
170 190 1
171 202 3
172 128 0
173 192 2
174 129 0
175 102 0
176 96 9
177 178 7
178 103 0
179 68 5
180 193 1
181 180 8
182 203 5
183 76 0
184 82 0
185 180 9
186 204 4
187 62 0
188 66 0
189 104 0
190 59 0
191 108 2
192 207 3
193 181 6
194 105 0
195 195 2
196 208 5
197 51 2
198 106 0
199 196 1
200 107 0
201 198 2
202 209 4
203 108 0
204 212 3
205 199 1
206 201 2
207 109 0
208 184 7
209 186 8
210 186 9
211 110 0
212 75 0
213 202 1
214 204 2
215 205 1
216 133 0
217 207 2
218 213 5
219 111 0
220 208 1
221 210 2
222 214 4
223 96 2
224 94 1
225 217 3
226 218 5
227 219 4
228 187 6
229 94 4
230 112 0
231 190 7
232 99 4
233 211 1
234 113 0
235 222 3
236 223 5
237 114 0
238 224 4
239 227 3
240 94 7
241 115 0
242 192 8
243 228 5
244 116 0
245 117 0
246 213 2
247 192 9
248 118 0
249 119 0
250 77 0
251 120 0
252 81 2
253 214 1
254 121 0
255 229 4
256 40 7
257 67 6
258 232 3
259 122 0
260 193 6
261 233 5
262 216 2
263 196 7
264 123 0
265 234 4
266 124 0
267 217 1
268 93 2
269 237 3
270 198 8
271 219 2
272 220 1
273 198 9
274 199 6
275 125 0
276 144 0
277 202 7
278 222 2
279 223 1
280 238 5
281 61 0
282 204 8
283 204 9
284 126 0
285 239 4
286 242 3
287 225 2
288 226 1
289 228 2
290 243 5
291 244 4
292 127 0
293 247 3
294 248 5
295 229 1
296 231 2
297 232 1
298 249 4
299 205 6
300 234 2
301 252 3
302 130 0
303 131 0
304 208 7
305 132 0
306 1 1
307 4 1
308 4 4
309 4 7
310 5 0
311 4 0
312 5 2
313 10 7
314 5 8
315 8 5
316 16 1
317 253 5
318 124 7
319 18 2
320 30 2
321 102 3
322 90 8
323 11 0
324 21 0
325 12 2
326 254 4
327 12 8
328 33 2
329 40 1
330 24 4
331 210 8
332 121 6
333 210 9
334 134 0
335 103 5
336 18 0
337 41 0
338 24 2
339 235 1
340 257 3
341 30 8
342 104 4
343 34 7
344 65 0
345 120 9
346 109 1
347 211 6
348 214 7
349 57 3
350 19 1
351 135 0
352 90 9
353 91 6
354 35 0
355 22 3
356 9 4
357 258 5
358 237 2
359 238 1
360 55 6
361 27 0
362 136 0
363 259 4
364 19 6
365 216 8
366 216 9
367 66 9
368 98 5
369 29 4
370 217 6
371 28 0
372 240 2
373 262 3
374 241 1
375 263 5
376 33 0
377 54 8
378 243 2
379 244 1
380 96 8
381 246 2
382 137 0
383 124 4
384 138 5
385 220 7
386 39 4
387 72 9
388 29 0
389 31 6
390 264 4
391 30 0
392 150 2
393 222 8
394 102 8
395 267 3
396 222 9
397 137 3
398 102 9
399 40 0
400 130 7
401 142 0
402 42 8
403 147 2
404 34 0
405 140 0
406 268 5
407 93 5
408 144 2
409 82 7
410 269 4
411 223 6
412 37 3
413 122 3
414 141 0
415 79 1
416 139 4
417 272 3
418 226 7
419 273 5
420 228 8
421 42 9
422 78 2
423 42 2
424 142 3
425 141 2
426 46 7
427 228 9
428 167 3
429 163 5
430 120 8
431 60 9
432 138 2
433 229 6
434 232 7
435 36 8
436 49 4
437 143 0
438 136 1
439 108 9
440 133 6
441 145 0
442 133 1
443 159 4
444 157 3
445 129 2
446 67 0
447 146 0
448 109 4
449 117 2
450 113 5
451 234 8
452 61 6
453 76 1
454 120 2
455 118 1
456 73 0
457 121 1
458 234 9
459 153 5
460 72 0
461 123 2
462 149 4
463 235 6
464 37 0
465 238 7
466 147 3
467 129 4
468 240 8
469 143 5
470 103 1
471 127 1
472 240 9
473 124 1
474 241 6
475 147 0
476 108 8
477 148 0
478 119 4
479 84 9
480 244 7
481 126 2
482 130 1
483 148 5
484 107 3
485 152 3
486 154 4
487 132 2
488 158 5
489 162 3
490 79 6
491 135 2
492 164 4
493 149 0
494 150 0
495 151 0
496 246 8
497 139 1
498 274 4
499 73 5
500 152 0
501 90 2
502 153 0
503 150 8
504 144 8
505 154 0
506 277 3
507 155 0
508 87 3
509 144 4
510 156 0
511 142 1
512 278 5
513 157 0
514 158 0
515 145 1
516 114 2
517 148 1
518 247 1
519 159 0
520 249 2
521 160 0
522 142 7
523 56 0
524 161 0
525 84 4
526 111 2
527 83 5
528 279 4
529 145 6
530 162 0
531 163 0
532 148 7
533 282 3
534 78 8
535 164 0
536 246 9
537 165 0
538 166 0
539 167 0
540 283 5
541 284 4
542 250 1
543 252 2
544 115 1
545 247 6
546 287 3
547 253 1
548 78 0
549 168 0
550 250 7
551 169 0
552 170 0
553 252 8
554 88 1
555 288 5
556 252 9
557 255 2
558 256 1
559 258 2
560 171 0
561 289 4
562 253 6
563 256 7
564 259 1
565 261 2
566 292 3
567 172 0
568 262 1
569 258 8
570 258 9
571 46 1
572 173 0
573 293 5
574 294 4
575 264 2
576 297 3
577 118 7
578 265 1
579 267 2
580 174 0
581 298 5
582 175 0
583 7 6
584 299 4
585 176 0
586 302 3
587 303 5
588 177 0
589 304 4
590 178 0
591 179 0
592 180 0
593 268 1
594 270 2
595 307 3
596 308 5
597 271 1
598 181 0
599 182 0
600 183 0
601 273 2
602 184 0
603 259 6
604 262 7
605 1 6
606 7 1
607 12 3
608 64 0
609 10 1
610 13 5
611 7 3
612 13 0
613 17 0
614 309 4
615 12 9
616 66 8
617 26 0
618 19 0
619 312 3
620 115 6
621 31 0
622 69 4
623 82 3
624 49 6
625 74 0
626 264 8
627 17 3
628 185 0
629 18 8
630 49 0
631 72 3
632 47 0
633 100 1
634 15 2
635 45 2
636 313 5
637 186 0
638 314 4
639 27 3
640 317 3
641 23 5
642 22 1
643 264 9
644 22 7
645 22 0
646 87 2
647 274 1
648 18 9
649 187 0
650 265 6
651 276 2
652 268 7
653 20 0
654 132 3
655 118 5
656 188 0
657 44 4
658 25 0
659 25 1
660 55 0
661 270 8
662 78 5
663 87 0
664 32 0
665 189 0
666 73 6
667 63 0
668 27 2
669 136 7
670 28 7
671 48 0
672 270 9
673 318 5
674 63 2
675 66 2
676 190 0
677 99 2
678 32 3
679 277 1
680 43 5
681 191 0
682 77 3
683 54 0
684 74 4
685 192 0
686 117 3
687 271 6
688 134 4
689 279 2
690 274 7
691 28 1
692 85 1
693 114 8
694 276 8
695 319 4
696 280 1
697 322 3
698 112 7
699 193 0
700 194 0
701 67 1
702 323 5
703 42 0
704 195 0
705 324 4
706 37 6
707 196 0
708 327 3
709 43 1
710 276 9
711 139 6
712 282 2
713 328 5
714 197 0
715 49 1
716 283 1
717 139 0
718 70 7
719 329 4
720 277 6
721 285 2
722 114 4
723 280 7
724 286 1
725 48 2
726 112 1
727 288 2
728 332 3
729 51 0
730 198 0
731 47 3
732 289 1
733 282 8
734 52 3
735 138 9
736 199 0
737 60 8
738 200 0
739 53 0
740 333 5
741 282 9
742 54 9
743 291 2
744 334 4
745 67 3
746 292 1
747 337 3
748 72 8
749 338 5
750 201 0
751 202 0
752 103 6
753 112 3
754 283 6
755 294 2
756 57 2
757 88 5
758 286 7
759 36 0
760 59 4
761 339 4
762 288 8
763 203 0
764 342 3
765 84 2
766 295 1
767 288 9
768 289 6
769 297 2
770 292 7
771 132 9
772 63 5
773 343 5
774 344 4
775 298 1
776 204 0
777 60 0
778 64 1
779 294 8
780 300 2
781 347 3
782 205 0
783 206 0
784 72 2
785 301 1
786 207 0
787 303 2
788 348 5
789 208 0
790 294 9
791 89 4
792 42 3
793 209 0
794 210 0
795 295 6
796 82 1
797 37 1
798 211 0
799 349 4
800 352 3
801 212 0
802 97 1
803 304 1
804 306 2
805 353 5
806 127 3
807 354 4
808 62 3
809 298 7
810 307 1
811 213 0
812 357 3
813 214 0
814 300 8
815 215 0
816 83 0
817 300 9
818 309 2
819 358 5
820 126 9
821 216 0
822 310 1
823 100 0
824 312 2
825 301 6
826 304 7
827 306 8
828 313 1
829 88 7
830 359 4
831 315 2
832 316 1
833 306 9
834 362 3
835 307 6
836 363 5
837 217 0
838 364 4
839 310 7
840 218 0
841 367 3
842 78 9
843 312 8
844 312 9
845 313 6
846 219 0
847 318 2
848 220 0
849 368 5
850 316 7
851 221 0
852 319 1
853 222 0
854 318 8
855 321 2
856 369 4
857 223 0
858 224 0
859 322 1
860 324 2
861 325 1
862 327 2
863 328 1
864 97 3
865 372 3
866 225 0
867 373 5
868 318 9
869 319 6
870 330 2
871 322 7
872 226 0
873 324 8
874 227 0
875 228 0
876 324 9
877 331 1
878 325 6
879 328 7
880 333 2
881 229 0
882 334 1
883 330 8
884 374 4
885 330 9
886 336 2
887 337 1
888 331 6
889 230 0
890 231 0
891 339 2
892 232 0
893 334 7
894 336 8
895 336 9
896 340 1
897 337 6
898 377 3
899 378 5
900 233 0
901 342 2
902 340 7
903 342 8
904 379 4
905 234 0
