// The next line is the dfg name
random2_4type_invdelay
// The next lines are FU parameters given as:
// <FU type>  <resource constraint>  <# of FUs used>  <FU delay>
ADD 6 6 1
MUL 7 7 3
DIV 7 7 5
SQRT 7 7 6
actual latency 65
0 1 1
1 2 0
2 2 1
3 3 20
4 3 2
5 3 1
6 3 3
7 3 0
8 4 23
9 4 0
10 4 4
11 8 4
12 4 5
13 4 1
14 4 2
15 4 22
16 7 4
17 5 9
18 5 1
19 5 8
20 5 26
21 5 0
22 5 15
23 5 7
24 5 2
25 6 1
26 6 2
27 6 16
28 9 20
29 6 0
30 5 3
31 7 6
32 10 1
33 11 16
34 6 3
35 11 2
36 11 25
37 11 24
38 11 4
39 11 0
40 11 1
41 7 5
42 11 7
43 17 0
44 4 6
45 10 10
46 51 16
47 11 26
48 9 4
49 9 2
50 9 3
51 9 13
52 22 22
53 18 2
54 18 0
55 18 9
56 4 3
57 15 9
58 19 0
59 19 13
60 19 6
61 19 10
62 10 21
63 50 15
64 17 1
65 17 7
66 17 3
67 17 2
68 18 12
69 19 19
70 55 1
71 18 1
72 5 10
73 12 5
74 12 3
75 16 21
76 56 0
77 47 25
78 22 1
79 13 4
80 19 4
81 17 26
82 56 1
83 12 9
84 56 2
85 56 3
86 12 1
87 56 4
88 12 0
89 17 25
90 11 5
91 6 5
92 17 24
93 54 4
94 21 4
95 53 5
96 20 11
97 54 2
98 51 9
99 21 2
100 13 2
101 13 10
102 13 18
103 51 4
104 18 18
105 15 3
106 16 22
107 15 4
108 16 23
109 55 2
110 57 3
111 7 0
112 7 1
113 8 8
114 10 22
115 7 2
116 10 23
117 10 2
118 10 3
119 53 17
120 10 11
121 47 11
122 44 2
123 29 4
124 48 2
125 48 3
126 44 3
127 11 8
128 45 9
129 45 12
130 44 5
131 30 2
132 45 0
133 45 1
134 41 24
135 45 2
136 17 4
137 51 12
138 52 10
139 22 3
140 49 13
141 45 15
142 16 0
143 16 16
144 16 1
145 16 2
146 18 17
147 13 11
148 13 1
149 13 0
150 13 5
151 14 19
152 20 15
153 14 5
154 12 2
155 14 0
156 14 13
157 14 1
158 14 2
159 14 7
160 8 17
161 45 3
162 58 3
163 50 5
164 54 0
165 54 1
166 23 2
167 23 17
168 23 3
169 23 4
170 23 11
171 23 5
172 49 2
173 49 3
174 23 7
175 47 26
176 51 20
177 23 1
178 52 21
179 49 19
180 54 3
181 14 3
182 46 21
183 40 15
184 45 4
185 44 19
186 13 12
187 43 0
188 43 1
189 42 12
190 43 6
191 43 2
192 43 3
193 55 0
194 17 5
195 18 4
196 18 5
197 19 1
198 19 2
199 19 3
200 48 18
201 8 1
202 8 2
203 8 7
204 8 18
205 1 6
206 4 13
207 9 9
208 9 5
209 4 21
210 56 5
211 10 14
212 10 4
213 10 5
214 15 1
215 15 20
216 15 0
217 15 2
218 15 15
219 57 5
220 21 8
221 51 5
222 24 4
223 24 5
224 24 9
225 24 0
226 24 1
227 24 2
228 45 5
229 46 0
230 46 1
231 25 0
232 25 2
233 25 1
234 25 3
235 43 10
236 27 20
237 26 7
238 33 8
239 16 3
240 58 4
241 26 11
242 16 4
243 30 14
244 34 5
245 35 0
246 29 5
247 29 3
248 58 0
249 25 6
250 25 14
251 25 10
252 20 2
253 20 7
254 29 0
255 21 3
256 22 23
257 23 24
258 21 9
259 22 21
260 21 12
261 23 25
262 42 8
263 24 12
264 30 1
265 48 9
266 23 0
267 23 18
268 48 8
269 59 1
270 59 2
271 59 20
272 59 0
273 13 6
274 24 8
275 46 2
276 60 1
277 30 8
278 16 5
279 30 3
280 30 9
281 33 18
282 19 5
283 51 0
284 30 0
285 48 4
286 48 5
287 24 3
288 24 13
289 23 26
290 49 4
291 41 3
292 38 18
293 39 13
294 41 4
295 41 5
296 41 2
297 29 2
298 42 9
299 42 0
300 39 19
301 31 2
302 30 12
303 31 0
304 31 6
305 31 16
306 35 14
307 31 3
308 31 1
309 31 10
310 33 1
311 20 14
312 54 5
313 55 3
314 16 6
315 57 2
316 16 10
317 35 15
318 32 0
319 32 7
320 32 1
321 33 17
322 32 2
323 33 20
324 32 11
325 33 9
326 46 22
327 24 19
328 41 25
329 41 26
330 25 15
331 46 3
332 46 4
333 46 6
334 45 20
335 46 5
336 47 0
337 47 1
338 26 16
339 43 4
340 44 7
341 44 11
342 43 5
343 44 0
344 28 2
345 28 10
346 36 4
347 37 10
348 38 7
349 38 1
350 38 2
351 38 0
352 38 3
353 38 4
354 38 11
355 60 0
356 60 8
357 60 14
358 60 2
359 60 3
360 60 21
361 60 15
362 60 4
363 60 5
364 29 7
365 35 1
366 35 2
367 35 3
368 29 11
369 29 24
370 29 25
371 35 4
372 36 5
373 37 1
374 37 2
375 49 0
376 22 4
377 14 8
378 32 3
379 32 4
380 32 5
381 33 2
382 33 3
383 33 4
384 33 12
385 33 5
386 35 7
387 41 16
388 58 7
389 30 4
390 58 1
391 37 3
392 37 4
393 30 15
394 37 5
395 39 8
396 38 5
397 36 16
398 39 9
399 39 20
400 61 6
401 61 0
402 61 1
403 61 2
404 61 3
405 1 0
406 2 7
407 5 25
408 5 11
409 5 12
410 5 24
411 7 3
412 8 5
413 5 4
414 5 14
415 5 5
416 6 4
417 16 11
418 57 4
419 9 19
420 11 3
421 8 0
422 10 15
423 10 0
424 10 6
425 57 0
426 10 12
427 12 4
428 15 14
429 20 5
430 20 1
431 20 0
432 20 3
433 21 20
434 52 0
435 51 3
436 52 1
437 22 6
438 21 16
439 21 0
440 20 4
441 49 10
442 52 2
443 52 3
444 46 23
445 46 16
446 57 1
447 21 5
448 21 1
449 27 1
450 26 2
451 26 4
452 26 1
453 26 5
454 43 17
455 26 0
456 44 1
457 42 1
458 15 5
459 9 0
460 13 17
461 55 4
462 50 14
463 13 3
464 8 3
465 28 1
466 28 3
467 39 1
468 28 6
469 39 12
470 28 5
471 58 6
472 28 23
473 27 2
474 27 8
475 28 17
476 28 21
477 27 9
478 27 3
479 28 22
480 33 0
481 22 0
482 34 21
483 28 18
484 29 1
485 49 1
486 25 5
487 44 4
488 25 4
489 47 2
490 47 3
491 30 5
492 31 4
493 31 5
494 29 19
495 40 0
496 61 5
497 62 1
498 61 4
499 62 2
500 62 3
501 61 7
502 61 9
503 40 21
504 40 14
505 27 0
506 27 4
507 42 2
508 39 2
509 39 3
510 39 4
511 39 5
512 28 0
513 40 1
514 40 2
515 28 4
516 14 4
517 35 5
518 36 8
519 29 26
520 35 24
521 36 9
522 35 25
523 34 3
524 34 10
525 34 22
526 34 19
527 34 4
528 34 0
529 58 13
530 36 12
531 37 6
532 29 13
533 52 6
534 36 0
535 36 1
536 36 2
537 35 26
538 35 11
539 40 10
540 26 3
541 55 5
542 46 10
543 62 0
544 34 23
545 40 6
546 34 1
547 52 4
548 52 5
549 53 0
550 22 5
551 22 2
552 51 1
553 45 14
554 22 10
555 51 2
556 49 6
557 27 5
558 42 3
559 40 22
560 40 23
561 27 12
562 42 4
563 42 5
564 40 3
565 36 3
566 41 7
567 40 4
568 40 5
569 58 2
570 34 13
571 34 6
572 34 2
573 49 5
574 48 12
575 50 0
576 50 1
577 50 2
578 50 3
579 50 4
580 18 3
581 18 8
582 41 0
583 48 17
584 39 0
585 9 1
586 41 1
587 41 11
588 38 17
589 45 8
590 37 0
591 53 1
592 50 7
593 47 24
594 53 2
595 53 3
596 53 4
597 50 11
598 51 8
599 43 18
600 44 13
601 47 4
602 47 5
603 48 0
604 47 7
605 48 1
606 62 4
