// The next line is the dfg name
random3_4type_uniform
// The next lines are FU parameters given as:
// <FU type>  <resource constraint>  <# of FUs used>  <FU delay>
ADD 1 1 1
MUL 3 3 3
DIV 5 5 5
SQRT 6 6 6
actual latency 208
0 1 9
1 7 7
2 12 7
3 17 7
4 18 1
5 17 0
6 22 7
7 18 8
8 27 1
9 29 0
10 30 14
11 33 13
12 30 0
13 32 10
14 31 0
15 36 1
16 72 3
17 36 6
18 50 10
19 81 6
20 36 0
21 36 14
22 36 4
23 39 2
24 42 1
25 71 6
26 39 0
27 42 14
28 56 12
29 41 4
30 82 7
31 49 0
32 75 1
33 75 2
34 57 13
35 44 12
36 83 8
37 48 2
38 68 0
39 48 0
40 75 3
41 49 5
42 48 8
43 46 4
44 42 3
45 12 3
46 57 7
47 53 8
48 54 14
49 78 1
50 69 0
51 63 13
52 84 5
53 50 12
54 66 1
55 78 2
56 86 4
57 51 6
58 51 2
59 86 6
60 56 10
61 51 13
62 51 4
63 52 7
64 56 9
65 51 1
66 75 13
67 59 0
68 70 0
69 74 5
70 60 14
71 87 7
72 58 0
73 71 0
74 74 10
75 78 3
76 81 1
77 57 3
78 88 8
79 34 0
80 81 2
81 66 0
82 74 11
83 66 14
84 66 4
85 68 12
86 54 5
87 72 0
88 89 5
89 63 8
90 60 3
91 73 0
92 60 0
93 81 3
94 74 12
95 74 0
96 91 4
97 75 0
98 62 0
99 76 0
100 77 0
101 62 10
102 61 4
103 84 1
104 60 1
105 78 0
106 84 2
107 91 6
108 84 3
109 79 0
110 61 0
111 80 0
112 87 1
113 92 7
114 78 14
115 81 0
116 67 7
117 80 9
118 80 10
119 67 0
120 80 11
121 93 8
122 80 12
123 59 5
124 82 0
125 94 5
126 96 4
127 83 0
128 84 0
129 96 6
130 66 6
131 68 9
132 68 8
133 87 2
134 85 0
135 87 3
136 90 1
137 86 0
138 66 2
139 90 2
140 87 0
141 90 3
142 97 7
143 98 8
144 93 1
145 88 0
146 89 0
147 90 0
148 93 2
149 93 3
150 96 1
151 91 0
152 92 0
153 93 0
154 96 2
155 96 3
156 81 13
157 62 11
158 62 9
159 99 1
160 99 5
161 101 4
162 84 14
163 94 0
164 95 0
165 86 9
166 86 10
167 96 0
168 86 11
169 97 0
170 98 0
171 86 12
172 99 2
173 87 13
174 99 3
175 99 0
176 100 0
177 90 14
178 92 9
179 101 6
180 102 1
181 102 2
182 102 7
183 92 10
184 103 8
185 101 0
186 92 11
187 104 5
188 92 12
189 93 13
190 106 4
191 102 0
192 106 6
193 102 3
194 105 1
195 105 2
196 96 14
197 107 7
198 1 4
199 6 4
200 6 1
201 6 14
202 6 3
203 6 2
204 6 0
205 6 6
206 7 0
207 10 0
208 9 13
209 9 0
210 11 6
211 11 4
212 9 1
213 14 9
214 9 2
215 12 0
216 32 7
217 108 8
218 16 6
219 109 5
220 14 12
221 11 0
222 20 12
223 98 9
224 111 4
225 39 3
226 18 3
227 24 1
228 69 5
229 23 8
230 103 0
231 28 8
232 38 9
233 14 11
234 12 1
235 38 10
236 104 0
237 63 0
238 60 2
239 105 0
240 33 0
241 22 0
242 21 0
243 20 10
244 106 0
245 98 10
246 105 3
247 98 11
248 111 6
249 18 2
250 107 0
251 12 2
252 26 10
253 21 13
254 26 12
255 98 12
256 26 9
257 108 1
258 112 7
259 14 10
260 99 13
261 108 0
262 109 0
263 102 14
264 15 0
265 104 9
266 104 10
267 110 0
268 111 0
269 113 8
270 30 2
271 108 2
272 112 0
273 16 0
274 24 3
275 27 13
276 43 8
277 35 0
278 56 0
279 113 0
280 114 0
281 104 11
282 43 0
283 30 3
284 114 5
285 108 3
286 104 12
287 64 0
288 15 13
289 105 13
290 54 2
291 116 4
292 115 0
293 116 6
294 111 1
295 117 7
296 118 8
297 111 2
298 12 14
299 116 0
300 47 7
301 108 14
302 119 5
303 121 4
304 37 0
305 31 6
306 121 6
307 110 9
308 111 3
309 110 10
310 114 1
311 110 11
312 114 2
313 110 12
314 117 0
315 118 0
316 122 7
317 119 0
318 123 8
319 124 5
320 126 4
321 126 6
322 111 13
323 114 3
324 25 0
325 120 0
326 114 14
327 121 0
328 116 9
329 122 0
330 123 0
331 124 0
332 57 1
333 41 0
334 127 7
335 116 10
336 128 8
337 116 11
338 117 1
339 116 12
340 117 13
341 44 9
342 125 0
343 117 2
344 129 5
345 120 14
346 131 4
347 131 6
348 126 0
349 122 9
350 117 3
351 120 1
352 32 11
353 120 2
354 120 3
355 127 0
356 122 10
357 128 0
358 122 11
359 123 1
360 132 7
361 129 0
362 123 2
363 122 12
364 29 5
365 123 3
366 123 13
367 126 1
368 133 8
369 126 14
370 128 9
371 134 5
372 128 10
373 128 11
374 128 12
375 38 12
376 129 13
377 126 2
378 130 0
379 131 0
380 50 9
381 136 4
382 132 14
383 134 9
384 126 3
385 136 6
386 137 7
387 134 10
388 134 11
389 138 8
390 139 5
391 129 1
392 129 2
393 132 0
394 133 0
395 134 0
396 129 3
397 134 12
398 141 4
399 141 6
400 132 1
401 135 13
402 138 14
403 135 0
404 1 0
405 2 0
406 2 10
407 2 11
408 2 12
409 8 11
410 72 14
411 8 9
412 3 13
413 13 8
414 8 8
415 63 2
416 132 2
417 8 10
418 132 3
419 9 3
420 8 0
421 142 7
422 14 0
423 52 0
424 27 0
425 143 8
426 36 3
427 144 5
428 21 3
429 68 10
430 69 13
431 146 4
432 16 4
433 135 1
434 135 2
435 23 0
436 71 4
437 3 0
438 15 2
439 21 1
440 135 3
441 28 0
442 51 0
443 76 4
444 146 6
445 74 9
446 147 7
447 24 0
448 8 12
449 27 2
450 63 1
451 136 0
452 137 0
453 148 8
454 138 1
455 138 2
456 140 9
457 138 3
458 138 0
459 31 4
460 38 11
461 141 1
462 149 5
463 141 2
464 141 3
465 19 0
466 24 5
467 151 4
468 144 1
469 144 2
470 139 0
471 151 6
472 13 0
473 140 0
474 50 0
475 77 7
476 73 8
477 69 1
478 54 1
479 62 12
480 37 7
481 140 10
482 38 8
483 152 7
484 141 0
485 56 4
486 62 7
487 144 3
488 44 11
489 142 0
490 140 11
491 57 2
492 140 12
493 153 8
494 141 13
495 51 3
496 147 1
497 154 5
498 156 4
499 147 2
500 144 14
501 72 1
502 143 0
503 156 6
504 146 9
505 20 9
506 144 0
507 146 10
508 157 7
509 158 8
510 147 3
511 159 5
512 150 1
513 146 11
514 145 0
515 146 0
516 146 12
517 147 13
518 26 0
519 150 2
520 150 14
521 150 3
522 161 4
523 48 3
524 147 0
525 46 6
526 152 9
527 26 11
528 152 10
529 153 1
530 47 0
531 148 0
532 152 11
533 149 0
534 44 5
535 161 6
536 78 8
537 152 12
538 153 13
539 72 2
540 162 7
541 150 0
542 156 14
543 153 2
544 153 3
545 156 1
546 158 9
547 151 0
548 156 2
549 152 0
550 153 0
551 158 10
552 158 11
553 156 3
554 163 8
555 159 1
556 159 2
557 45 3
558 154 0
559 164 5
560 155 0
561 158 12
562 166 4
563 159 13
564 166 6
565 45 2
566 156 0
567 157 0
568 158 0
569 159 0
570 160 0
571 162 14
572 164 9
573 159 3
574 167 7
575 161 0
576 164 10
577 168 8
578 164 11
579 164 12
580 162 1
581 165 13
582 168 14
583 169 5
584 162 2
585 171 4
586 162 0
587 171 6
588 170 9
589 163 0
590 162 3
591 165 1
592 170 10
593 165 2
594 165 3
595 168 1
596 170 11
597 172 7
598 170 12
599 164 0
600 165 0
601 168 2
602 168 3
603 171 13
604 1 1
605 4 5
606 9 5
607 15 3
608 15 1
609 18 14
610 63 3
611 166 0
612 18 0
613 21 4
614 72 7
615 19 5
616 171 1
617 33 3
618 46 0
619 27 7
620 24 2
621 54 3
622 26 4
623 41 6
624 167 0
625 33 2
626 61 6
627 32 0
628 171 2
629 173 8
630 174 5
631 168 0
632 58 8
633 14 5
634 176 4
635 174 14
636 171 3
637 39 5
638 24 14
639 55 0
640 34 5
641 174 1
642 30 1
643 65 0
644 42 2
645 32 9
646 169 0
647 33 1
648 170 0
649 174 2
650 174 3
651 176 9
652 177 1
653 21 2
654 20 11
655 176 10
656 20 0
657 176 11
658 54 0
659 53 0
660 21 6
661 176 6
662 177 2
663 36 2
664 176 12
665 171 0
666 45 0
667 40 0
668 172 0
669 173 0
670 177 7
671 177 3
672 178 8
673 64 5
674 39 13
675 179 5
676 181 4
677 33 8
678 79 5
679 181 6
680 182 7
681 26 6
682 174 0
683 183 8
684 81 4
685 44 0
686 69 3
687 180 1
688 175 0
689 45 1
690 45 13
691 180 2
692 177 13
693 39 1
694 184 5
695 176 0
696 186 4
697 180 3
698 177 0
699 178 0
700 179 0
701 183 1
702 183 2
703 180 14
704 183 3
705 182 9
706 32 12
707 180 0
708 182 10
709 69 2
710 186 6
711 181 0
712 38 0
713 182 11
714 182 0
715 187 7
716 182 12
717 183 0
718 188 8
719 183 13
720 186 14
721 186 1
722 184 0
723 185 0
724 189 5
725 186 0
726 42 7
727 186 2
728 188 9
729 186 3
730 189 1
731 188 10
732 188 11
733 187 0
734 188 12
735 66 3
736 188 0
737 189 2
738 189 3
739 189 13
740 189 0
741 48 14
742 192 1
743 191 4
744 48 1
745 192 14
746 194 9
747 190 0
748 56 11
749 192 2
750 191 0
751 192 3
752 195 1
753 195 2
754 76 6
755 194 10
756 192 0
757 194 11
758 195 3
759 194 12
760 57 0
761 191 6
762 44 10
763 193 0
764 27 3
765 192 7
766 193 8
767 198 1
768 194 5
769 42 0
770 195 13
771 196 4
772 194 0
773 196 6
774 198 2
775 198 14
776 195 0
777 200 9
778 200 10
779 196 0
780 200 11
781 197 0
782 198 0
783 198 3
784 201 1
785 197 7
786 201 2
787 56 6
788 201 3
789 198 8
790 199 0
791 199 5
792 200 12
793 200 0
794 201 4
795 201 0
796 201 6
797 202 7
798 202 0
799 203 8
800 204 5
801 204 1
802 68 11
803 204 2
804 203 0
805 50 11
