// The next line is the dfg name
random7_4type_uniform
// The next lines are FU parameters given as:
// <FU type>  <resource constraint>  <# of FUs used>  <FU delay>
ADD 3 3 1
MUL 8 8 3
DIV 14 14 5
SQRT 17 17 6
actual latency 194
0 1 11
1 6 4
2 9 5
3 6 17
4 136 27
5 71 31
6 39 4
7 60 1
8 73 26
9 12 10
10 12 0
11 11 17
12 11 30
13 9 1
14 63 4
15 17 6
16 74 33
17 56 34
18 130 0
19 19 24
20 17 30
21 30 15
22 23 2
23 26 7
24 29 20
25 15 0
26 44 24
27 16 1
28 16 11
29 17 1
30 16 3
31 16 27
32 139 12
33 37 1
34 145 3
35 60 5
36 69 13
37 33 4
38 18 0
39 6 5
40 25 3
41 18 19
42 22 27
43 73 1
44 19 0
45 66 5
46 28 1
47 62 35
48 65 2
49 73 2
50 74 34
51 74 35
52 69 14
53 20 33
54 74 36
55 20 0
56 66 9
57 75 38
58 19 14
59 30 16
60 17 8
61 17 7
62 20 34
63 75 39
64 47 7
65 30 1
66 69 20
67 52 0
68 52 2
69 38 35
70 26 36
71 75 40
72 75 41
73 39 41
74 64 27
75 26 11
76 66 10
77 26 35
78 49 14
79 29 2
80 42 4
81 23 31
82 49 26
83 74 1
84 33 2
85 68 7
86 20 15
87 50 32
88 31 18
89 64 28
90 68 8
91 69 21
92 21 10
93 29 8
94 23 0
95 24 23
96 74 2
97 59 2
98 64 1
99 69 22
100 76 28
101 69 5
102 69 23
103 69 9
104 69 10
105 34 20
106 24 5
107 30 9
108 75 1
109 76 29
110 65 15
111 59 12
112 29 7
113 75 2
114 46 18
115 71 7
116 69 24
117 77 31
118 39 2
119 79 26
120 80 33
121 71 8
122 21 5
123 70 16
124 37 26
125 39 5
126 71 17
127 80 34
128 72 5
129 58 0
130 35 7
131 69 0
132 80 35
133 76 1
134 72 9
135 26 32
136 76 2
137 72 10
138 77 1
139 80 36
140 77 2
141 27 41
142 81 38
143 68 33
144 27 38
145 81 39
146 81 40
147 33 5
148 74 7
149 14 22
150 36 5
151 49 23
152 74 8
153 75 5
154 34 1
155 12 2
156 56 11
157 78 1
158 81 41
159 71 18
160 75 9
161 78 2
162 75 10
163 74 13
164 33 0
165 77 7
166 77 8
167 25 26
168 82 28
169 74 14
170 74 20
171 82 29
172 74 21
173 74 22
174 74 23
175 32 8
176 74 24
177 52 3
178 38 0
179 78 5
180 79 1
181 78 9
182 83 31
183 75 16
184 79 2
185 70 29
186 85 26
187 35 1
188 46 28
189 32 2
190 32 1
191 86 33
192 32 7
193 53 2
194 54 12
195 80 1
196 76 17
197 58 1
198 76 18
199 79 13
200 78 10
201 80 2
202 80 7
203 39 1
204 86 34
205 86 35
206 55 15
207 86 36
208 59 31
209 68 32
210 87 38
211 79 14
212 79 20
213 70 28
214 35 8
215 81 1
216 79 21
217 33 10
218 87 39
219 81 2
220 43 19
221 42 9
222 31 3
223 55 1
224 87 40
225 56 18
226 61 25
227 44 36
228 79 22
229 79 23
230 64 0
231 82 1
232 32 32
233 80 8
234 81 5
235 57 4
236 87 41
237 79 24
238 80 16
239 81 9
240 88 28
241 82 2
242 83 1
243 83 2
244 88 29
245 81 17
246 81 18
247 84 13
248 89 31
249 91 26
250 84 14
251 81 10
252 92 33
253 83 7
254 84 20
255 83 8
256 84 5
257 84 9
258 92 34
259 92 35
260 84 10
261 84 21
262 92 36
263 84 1
264 93 38
265 84 2
266 86 7
267 85 1
268 27 2
269 27 5
270 93 39
271 86 8
272 84 22
273 87 5
274 85 2
275 45 16
276 84 23
277 86 1
278 86 2
279 84 24
280 87 1
281 87 9
282 87 10
283 85 16
284 56 7
285 87 2
286 93 40
287 39 38
288 88 1
289 89 7
290 86 17
291 60 15
292 89 8
293 90 5
294 90 9
295 90 10
296 93 41
297 50 2
298 88 2
299 94 28
300 86 18
301 89 1
302 89 13
303 94 29
304 71 1
305 95 31
306 44 22
307 34 22
308 92 7
309 97 26
310 89 14
311 98 33
312 98 34
313 92 8
314 89 2
315 93 5
316 90 1
317 98 35
318 93 9
319 93 10
320 90 2
321 91 1
322 95 7
323 91 2
324 95 8
325 92 1
326 92 2
327 96 5
328 55 3
329 89 20
330 93 1
331 89 21
332 96 9
333 96 10
334 98 36
335 98 7
336 89 22
337 98 8
338 99 5
339 99 38
340 99 39
341 89 23
342 99 9
343 93 2
344 89 24
345 99 10
346 90 16
347 94 1
348 91 17
349 91 18
350 99 40
351 94 2
352 101 7
353 101 8
354 102 5
355 94 13
356 94 14
357 94 20
358 99 41
359 100 28
360 94 21
361 95 1
362 95 2
363 100 29
364 96 1
365 94 22
366 96 2
367 101 31
368 103 26
369 104 33
370 104 34
371 97 1
372 102 9
373 94 23
374 94 24
375 104 35
376 102 10
377 104 36
378 97 2
379 105 38
380 98 1
381 95 16
382 104 7
383 105 39
384 56 2
385 98 2
386 96 17
387 96 18
388 99 13
389 105 40
390 99 14
391 99 20
392 99 1
393 99 2
394 99 21
395 100 1
396 100 2
397 105 41
398 99 22
399 1 3
400 4 0
401 4 13
402 4 27
403 4 29
404 4 12
405 4 28
406 4 14
407 4 3
408 9 37
409 9 4
410 9 10
411 106 28
412 9 0
413 9 12
414 15 4
415 15 5
416 30 4
417 15 1
418 41 31
419 17 0
420 53 31
421 14 12
422 14 7
423 54 1
424 14 8
425 66 1
426 21 17
427 99 23
428 35 16
429 16 0
430 106 29
431 107 31
432 45 15
433 109 26
434 104 8
435 101 1
436 105 5
437 59 21
438 44 7
439 10 28
440 9 9
441 9 40
442 9 2
443 9 21
444 9 14
445 20 32
446 5 30
447 5 7
448 5 6
449 5 31
450 5 1
451 5 2
452 5 0
453 5 16
454 5 15
455 58 2
456 14 21
457 105 9
458 10 2
459 48 19
460 99 24
461 10 29
462 12 5
463 54 24
464 14 34
465 42 10
466 51 10
467 11 2
468 110 33
469 105 10
470 101 2
471 107 7
472 11 1
473 8 1
474 27 9
475 48 1
476 18 9
477 48 0
478 102 1
479 45 2
480 58 3
481 107 8
482 63 37
483 18 4
484 53 19
485 110 34
486 9 38
487 110 35
488 9 22
489 102 2
490 110 36
491 9 23
492 100 16
493 108 5
494 51 9
495 101 17
496 60 4
497 22 1
498 103 1
499 10 0
500 108 9
501 10 3
502 11 18
503 65 1
504 101 18
505 104 13
506 26 34
507 51 39
508 26 1
509 103 2
510 104 1
511 26 18
512 104 14
513 104 2
514 19 21
515 111 38
516 108 10
517 105 1
518 105 2
519 22 29
520 20 8
521 18 2
522 110 7
523 32 0
524 111 39
525 34 14
526 38 2
527 25 1
528 29 1
529 111 40
530 24 20
531 104 20
532 45 10
533 58 29
534 35 15
535 48 10
536 104 21
537 57 38
538 106 1
539 111 41
540 54 22
541 110 8
542 61 3
543 106 2
544 28 0
545 62 8
546 112 28
547 30 5
548 52 1
549 112 29
550 104 22
551 107 1
552 29 24
553 104 23
554 38 8
555 63 0
556 62 36
557 51 2
558 111 5
559 104 24
560 33 9
561 20 16
562 107 2
563 54 20
564 105 16
565 111 9
566 108 1
567 113 31
568 108 2
569 65 7
570 106 17
571 115 26
572 109 1
573 25 16
574 106 18
575 111 10
576 27 10
577 109 13
578 109 14
579 113 7
580 109 20
581 116 33
582 51 17
583 113 8
584 109 21
585 116 34
586 114 5
587 109 22
588 109 23
589 116 35
590 13 1
591 57 41
592 49 2
593 114 9
594 109 24
595 109 2
596 110 16
597 111 17
598 29 13
599 116 36
600 33 38
601 13 2
602 16 29
603 63 19
604 111 18
605 117 38
606 114 10
607 114 13
608 117 39
609 114 14
610 110 1
611 19 13
612 39 22
613 110 2
614 116 7
615 116 8
616 114 20
617 44 8
618 39 21
619 117 5
620 65 16
621 117 9
622 111 1
623 117 10
624 111 2
625 112 1
626 114 21
627 119 7
628 117 40
629 119 8
630 57 40
631 24 2
632 117 41
633 114 22
634 118 28
635 40 15
636 61 17
637 120 5
638 32 36
639 120 9
640 112 2
641 120 10
642 118 29
643 113 1
644 65 31
645 37 2
646 33 39
647 55 2
648 113 2
649 9 24
650 122 7
651 122 8
652 123 5
653 119 31
654 114 23
655 123 9
656 114 1
657 114 24
658 121 26
659 114 2
660 50 36
661 123 10
662 50 1
663 125 7
664 60 2
665 115 16
666 115 1
667 40 16
668 122 33
669 115 2
670 46 11
671 125 8
672 20 2
673 116 17
674 126 5
675 126 9
676 122 34
677 116 18
678 57 0
679 8 7
680 8 2
681 8 33
682 8 34
683 8 35
684 8 8
685 8 36
686 8 19
687 119 13
688 116 1
689 119 14
690 122 35
691 126 10
692 119 20
693 122 36
694 123 38
695 123 39
696 119 21
697 123 40
698 123 41
699 124 28
700 124 29
701 128 7
702 116 2
703 119 22
704 125 31
705 117 1
706 119 23
707 119 24
708 117 2
709 24 24
710 120 16
711 128 8
712 127 26
713 118 1
714 118 2
715 129 5
716 129 9
717 119 1
718 64 24
719 36 0
720 128 33
721 129 10
722 121 17
723 131 7
724 119 2
725 121 18
726 120 1
727 128 34
728 120 2
729 128 35
730 121 1
731 128 36
732 124 13
733 129 38
734 131 8
735 129 39
736 54 10
737 121 2
738 122 1
739 132 5
740 132 9
741 122 2
742 124 14
743 58 28
744 124 20
745 129 40
746 129 41
747 130 28
748 123 1
749 123 2
750 130 29
751 131 31
752 132 10
753 124 1
754 124 21
755 124 22
756 124 2
757 124 23
758 124 24
759 134 7
760 125 16
761 125 1
762 134 8
763 133 26
764 135 5
765 135 9
766 135 10
767 126 17
768 134 33
769 134 34
770 137 7
771 125 2
772 134 35
773 137 8
774 126 18
775 129 13
776 129 14
777 129 20
778 126 1
779 126 2
780 138 5
781 138 9
782 129 21
783 129 22
784 129 23
785 134 36
786 129 24
787 127 1
788 130 16
789 138 10
790 127 2
791 128 1
792 131 17
793 140 7
794 128 2
795 140 8
796 135 38
797 1 26
798 7 0
799 7 3
800 7 1
801 7 26
802 8 32
803 8 0
804 10 15
805 10 16
806 129 1
807 131 18
808 10 27
809 129 2
810 130 1
811 8 6
812 135 39
813 11 8
814 14 23
815 15 39
816 15 40
817 134 13
818 31 2
819 16 28
820 15 15
821 130 2
822 19 23
823 134 14
824 9 20
825 9 39
826 10 1
827 9 41
828 9 13
829 134 20
830 39 20
831 134 21
832 16 2
833 15 10
834 49 25
835 18 1
836 46 0
837 135 40
838 14 6
839 14 13
840 141 5
841 134 22
842 135 41
843 14 36
844 134 23
845 22 3
846 24 10
847 134 24
848 141 9
849 20 35
850 20 6
851 56 0
852 57 2
853 135 16
854 63 38
855 51 4
856 29 6
857 136 28
858 38 34
859 141 10
860 136 29
861 60 16
862 57 9
863 143 7
864 136 17
865 57 5
866 24 21
867 24 13
868 24 12
869 143 8
870 29 0
871 144 5
872 46 29
873 29 30
874 65 0
875 144 9
876 14 14
877 144 10
878 136 18
879 137 30
880 137 31
881 131 0
882 19 1
883 35 6
884 17 31
885 139 13
886 48 4
887 41 7
888 131 1
889 29 31
890 139 25
891 66 17
892 47 8
893 29 14
894 139 26
895 57 10
896 146 6
897 139 14
898 35 30
899 35 0
900 131 2
901 140 32
902 146 7
903 46 1
904 132 0
905 140 33
906 140 34
907 34 23
908 146 8
909 140 35
910 49 22
911 139 20
912 27 40
913 39 37
914 147 4
915 63 39
916 147 5
917 45 9
918 30 2
919 140 36
920 147 9
921 15 41
922 34 29
923 141 37
924 32 6
925 42 5
926 50 16
927 139 21
928 39 39
929 23 8
930 23 30
931 33 40
932 38 36
933 147 10
934 19 12
935 59 30
936 148 3
937 40 1
938 139 22
939 36 4
940 141 38
941 132 1
942 141 39
943 69 38
944 149 6
945 139 23
946 18 5
947 132 2
948 56 17
949 141 40
950 27 37
951 62 32
952 139 24
953 149 7
954 133 0
955 140 15
956 133 1
957 141 41
958 133 2
959 134 0
960 35 31
961 149 8
962 41 11
963 140 16
964 64 12
965 57 1
966 141 11
967 142 27
968 50 15
969 141 17
970 134 1
971 142 28
972 141 18
973 150 4
974 134 2
975 150 5
976 59 23
977 143 19
978 46 3
979 150 9
980 150 10
981 135 0
982 151 3
983 68 34
984 135 1
985 135 2
986 47 31
987 152 6
988 144 12
989 142 29
990 39 40
991 136 0
992 152 7
993 152 8
994 59 7
995 153 4
996 136 1
997 144 13
998 153 5
999 143 30
1000 136 2
1001 143 31
1002 21 18
1003 144 14
1004 55 26
1005 14 2
1006 153 9
1007 14 1
1008 137 0
1009 153 10
1010 144 20
1011 154 3
1012 155 6
1013 144 21
1014 62 34
1015 145 25
1016 155 7
1017 144 22
1018 144 23
1019 155 8
1020 145 26
1021 59 8
1022 146 32
1023 137 1
1024 71 30
1025 144 24
1026 44 14
1027 73 25
1028 71 0
1029 62 33
1030 66 0
1031 26 2
1032 28 2
1033 74 32
1034 24 1
1035 156 4
1036 137 2
1037 146 33
1038 156 5
1039 51 37
1040 138 0
1041 138 1
1042 41 17
1043 138 2
1044 75 37
1045 146 34
1046 41 2
1047 146 35
1048 41 1
1049 76 27
1050 68 19
1051 156 9
1052 69 12
1053 77 30
1054 79 25
1055 80 32
1056 139 0
1057 139 1
1058 146 36
1059 156 10
1060 145 15
1061 66 4
1062 139 2
1063 140 0
1064 157 3
1065 147 37
1066 140 1
1067 140 2
1068 81 37
1069 73 0
1070 25 2
1071 49 21
1072 74 0
1073 141 0
1074 145 16
1075 141 1
1076 67 3
1077 68 6
1078 33 37
1079 147 38
1080 45 38
1081 141 2
1082 62 7
1083 82 27
1084 147 39
1085 24 0
1086 75 0
1087 34 24
1088 146 11
1089 70 15
1090 83 30
1091 76 0
1092 71 11
1093 73 19
1094 46 17
1095 74 12
1096 142 0
1097 85 25
1098 86 32
1099 77 0
1100 146 17
1101 158 6
1102 78 0
1103 142 1
1104 79 0
1105 146 18
1106 80 0
1107 49 1
1108 147 40
1109 158 7
1110 87 37
1111 147 41
1112 142 2
1113 158 8
1114 148 19
1115 81 0
1116 69 4
1117 148 27
1118 82 0
1119 159 4
1120 47 2
1121 75 15
1122 76 11
1123 78 19
1124 70 3
1125 47 6
1126 88 27
1127 143 0
1128 83 0
1129 89 30
1130 84 0
1131 143 1
1132 85 0
1133 79 12
1134 149 12
1135 86 0
1136 149 13
1137 71 6
1138 39 0
1139 91 25
1140 72 4
1141 159 5
1142 143 2
1143 87 0
1144 73 3
1145 92 32
1146 88 0
1147 144 0
1148 50 7
1149 149 14
1150 148 28
1151 74 6
1152 148 29
1153 75 4
1154 159 9
1155 80 15
1156 93 37
1157 81 11
1158 76 3
1159 149 30
1160 83 19
1161 89 0
1162 84 12
1163 94 27
1164 77 6
1165 149 20
1166 149 31
1167 95 30
1168 90 0
1169 144 1
1170 97 25
1171 91 0
1172 92 0
1173 78 4
1174 144 2
1175 98 32
1176 149 21
1177 93 0
1178 149 22
1179 85 15
1180 94 0
1181 54 13
1182 86 11
1183 159 10
1184 88 19
1185 89 12
1186 149 23
1187 149 24
1188 79 3
1189 150 15
1190 145 0
1191 90 15
1192 80 6
1193 81 4
1194 95 0
1195 160 3
1196 96 0
1197 1 0
1198 2 0
1199 3 4
1200 6 11
1201 3 5
1202 6 18
1203 11 11
1204 11 0
1205 82 3
1206 11 31
1207 11 7
1208 11 6
1209 14 35
1210 12 1
1211 14 20
1212 91 11
1213 12 9
1214 13 26
1215 70 2
1216 62 1
1217 13 25
1218 13 19
1219 12 4
1220 54 0
1221 83 6
1222 19 22
1223 19 25
1224 14 33
1225 56 8
1226 23 7
1227 20 1
1228 23 6
1229 20 7
1230 67 1
1231 48 2
1232 17 2
1233 15 16
1234 145 1
1235 14 24
1236 84 4
1237 93 19
1238 15 2
1239 13 3
1240 14 32
1241 151 25
1242 62 6
1243 29 22
1244 39 14
1245 161 6
1246 25 15
1247 67 0
1248 16 18
1249 64 13
1250 49 24
1251 45 1
1252 65 30
1253 45 37
1254 19 20
1255 28 3
1256 16 17
1257 99 37
1258 85 3
1259 97 0
1260 86 6
1261 21 40
1262 98 0
1263 62 2
1264 18 10
1265 94 12
1266 38 7
1267 19 2
1268 51 0
1269 31 1
1270 151 26
1271 19 26
1272 19 3
1273 87 4
1274 34 21
1275 161 7
1276 150 16
1277 152 32
1278 25 0
1279 88 3
1280 51 11
1281 26 0
1282 33 41
1283 26 6
1284 69 40
1285 21 11
1286 46 27
1287 145 2
1288 26 33
1289 20 36
1290 21 37
1291 89 6
1292 90 4
1293 21 39
1294 36 18
1295 45 41
1296 161 8
1297 99 0
1298 91 3
1299 92 6
1300 48 5
1301 100 27
1302 151 11
1303 63 5
1304 31 26
1305 31 25
1306 30 0
1307 100 0
1308 93 4
1309 61 11
1310 146 0
1311 64 29
1312 101 30
1313 54 9
1314 151 17
1315 162 4
1316 64 2
1317 59 0
1318 94 3
1319 95 15
1320 67 2
1321 101 0
1322 36 1
1323 65 8
1324 61 18
1325 26 17
1326 102 0
1327 146 1
1328 103 0
1329 103 25
1330 104 32
1331 38 19
1332 37 25
1333 42 2
1334 68 36
1335 44 34
1336 43 2
1337 95 6
1338 152 33
1339 43 0
1340 68 1
1341 96 4
1342 31 0
1343 59 6
1344 59 1
1345 53 30
1346 152 34
1347 162 5
1348 97 3
1349 44 32
1350 98 6
1351 44 12
1352 99 4
1353 105 37
1354 152 35
1355 106 27
1356 152 36
1357 51 1
1358 39 9
1359 162 9
1360 96 11
1361 31 17
1362 37 0
1363 56 36
1364 56 6
1365 100 3
1366 101 6
1367 107 30
1368 49 20
1369 102 4
1370 60 10
1371 27 4
1372 109 25
1373 162 10
1374 104 0
1375 146 2
1376 110 32
1377 103 3
1378 104 6
1379 68 0
1380 105 0
1381 153 37
1382 43 3
1383 64 20
1384 50 8
1385 111 37
1386 61 0
1387 37 3
1388 106 0
1389 34 2
1390 105 4
1391 163 3
1392 56 32
1393 27 39
1394 71 2
1395 51 40
1396 106 3
1397 107 6
1398 36 10
1399 108 4
1400 147 0
1401 98 19
1402 41 8
1403 153 38
1404 153 39
1405 112 27
1406 113 30
1407 53 1
1408 115 25
1409 116 32
1410 99 12
1411 164 6
1412 107 0
1413 109 3
1414 110 6
1415 153 40
1416 153 41
1417 117 37
1418 108 0
1419 29 12
1420 45 4
1421 147 1
1422 154 27
1423 151 18
1424 118 27
1425 153 19
1426 111 4
1427 164 7
1428 112 3
1429 26 8
1430 154 12
1431 154 28
1432 100 15
1433 109 0
1434 64 14
1435 56 1
1436 40 3
1437 101 11
1438 49 13
1439 113 6
1440 114 4
1441 119 30
1442 110 0
1443 121 25
1444 30 10
1445 56 33
1446 164 8
1447 115 3
1448 122 32
1449 154 29
1450 123 37
1451 44 20
1452 103 19
1453 116 6
1454 155 30
1455 60 0
1456 147 2
1457 117 4
1458 155 31
1459 28 29
1460 111 0
1461 165 4
1462 118 3
1463 67 26
1464 124 27
1465 112 0
1466 119 6
1467 120 4
1468 104 12
1469 125 30
1470 46 2
1471 165 5
1472 121 3
1473 122 6
1474 41 30
1475 127 25
1476 34 13
1477 59 13
1478 154 13
1479 128 32
1480 123 4
1481 66 11
1482 157 25
1483 154 14
1484 148 0
1485 113 0
1486 165 9
1487 114 0
1488 55 25
1489 154 20
1490 124 3
1491 57 37
1492 105 15
1493 106 11
1494 108 19
1495 125 6
1496 157 26
1497 129 37
1498 126 4
1499 40 29
1500 148 1
1501 72 1
1502 115 0
1503 50 6
1504 158 32
1505 50 0
1506 165 10
1507 116 0
1508 130 27
1509 109 12
1510 148 2
1511 127 3
1512 158 33
1513 53 8
1514 131 30
1515 117 0
1516 133 25
1517 118 0
1518 149 0
1519 154 21
1520 134 32
1521 128 6
1522 34 0
1523 158 34
1524 154 22
1525 135 37
1526 154 23
1527 110 15
1528 111 11
1529 113 19
1530 158 35
1531 114 12
1532 129 4
1533 158 36
1534 166 3
1535 154 24
1536 155 15
1537 119 0
1538 130 3
1539 131 6
1540 155 16
1541 132 4
1542 167 6
1543 120 0
1544 159 37
1545 115 15
1546 149 1
1547 121 0
1548 133 3
1549 159 38
1550 122 0
1551 149 2
1552 63 9
1553 134 6
1554 135 4
1555 123 0
1556 167 7
1557 124 0
1558 136 3
1559 72 2
1560 150 0
1561 125 0
1562 72 0
1563 126 0
1564 150 1
1565 127 0
1566 159 39
1567 116 11
1568 137 6
1569 138 4
1570 68 35
1571 128 0
1572 159 40
1573 159 41
1574 118 19
1575 150 2
1576 129 0
1577 151 0
1578 167 8
1579 51 41
1580 160 27
1581 151 1
1582 151 2
1583 160 28
1584 119 12
1585 156 11
1586 152 0
1587 156 17
1588 156 18
1589 152 1
1590 120 15
1591 160 29
1592 161 30
1593 152 2
1594 139 3
1595 161 31
1596 163 25
1597 153 0
1598 121 11
1599 140 6
1600 123 19
1601 124 12
1602 1 25
1603 7 25
1604 13 0
1605 14 0
1606 15 9
1607 15 38
1608 15 37
1609 43 26
1610 21 41
1611 141 4
1612 22 28
1613 21 9
1614 21 0
1615 21 4
1616 24 9
1617 158 19
1618 50 33
1619 163 26
1620 24 14
1621 25 25
1622 39 13
1623 54 5
1624 21 2
1625 159 12
1626 29 21
1627 22 2
1628 22 0
1629 23 19
1630 33 1
1631 48 9
1632 159 13
1633 45 5
1634 28 28
1635 28 27
1636 32 34
1637 28 19
1638 125 15
1639 153 1
1640 126 11
1641 39 24
1642 62 0
1643 168 4
1644 128 19
1645 69 39
1646 21 1
1647 142 3
1648 153 2
1649 21 38
1650 129 12
1651 159 14
1652 143 6
1653 44 2
1654 164 32
1655 154 0
1656 33 19
1657 144 4
1658 34 12
1659 35 2
1660 44 21
1661 45 39
1662 159 20
1663 34 27
1664 159 21
1665 168 5
1666 130 15
1667 154 1
1668 168 9
1669 131 11
1670 133 19
1671 168 10
1672 50 35
1673 154 2
1674 164 33
1675 39 12
1676 134 12
1677 70 1
1678 45 40
1679 24 4
1680 32 33
1681 36 9
1682 38 33
1683 169 3
1684 164 34
1685 39 10
1686 52 29
1687 38 32
1688 42 1
1689 69 41
1690 164 35
1691 40 0
1692 40 27
1693 164 36
1694 159 22
1695 40 28
1696 59 14
1697 170 6
1698 31 11
1699 51 5
1700 44 23
1701 159 23
1702 165 37
1703 44 0
1704 159 24
1705 165 38
1706 63 40
1707 135 15
1708 51 38
1709 38 1
1710 165 39
1711 70 0
1712 36 11
1713 165 40
1714 44 35
1715 58 19
1716 165 41
1717 166 27
1718 42 0
1719 41 18
1720 170 7
1721 64 22
1722 41 6
1723 63 41
1724 64 21
1725 155 0
1726 44 6
1727 136 11
1728 155 1
1729 24 22
1730 138 19
1731 23 1
1732 65 6
1733 36 2
1734 160 15
1735 155 2
1736 44 33
1737 41 0
1738 166 28
1739 43 25
1740 170 8
1741 43 1
1742 160 16
1743 27 1
1744 27 0
1745 56 35
1746 171 4
1747 161 11
1748 156 0
1749 156 1
1750 156 2
1751 171 5
1752 157 0
1753 67 25
1754 161 17
1755 171 9
1756 50 34
1757 49 0
1758 157 1
1759 161 18
1760 171 10
1761 49 12
1762 49 3
1763 172 3
1764 166 29
1765 54 21
1766 54 2
1767 69 1
1768 163 19
1769 60 9
1770 47 0
1771 47 1
1772 70 27
1773 173 6
1774 47 30
1775 173 7
1776 167 30
1777 164 12
1778 59 24
1779 57 39
1780 173 8
1781 164 13
1782 167 31
1783 39 23
1784 169 25
1785 174 4
1786 169 26
1787 66 2
1788 164 14
1789 157 2
1790 158 0
1791 54 23
1792 174 5
1793 164 20
1794 164 21
1795 55 16
1796 170 32
1797 174 9
1798 51 18
1799 170 33
1800 158 1
1801 170 34
1802 174 10
1803 63 10
1804 54 4
1805 175 3
1806 158 2
1807 164 22
1808 176 6
1809 34 28
1810 44 1
1811 159 0
1812 170 35
1813 176 7
1814 159 1
1815 176 8
1816 159 2
1817 177 4
1818 160 0
1819 55 0
1820 29 23
1821 69 2
1822 164 23
1823 177 5
1824 164 24
1825 165 15
1826 59 22
1827 34 3
1828 177 9
1829 177 10
1830 160 1
1831 160 2
1832 178 3
1833 32 35
1834 170 36
1835 179 6
1836 179 7
1837 165 16
1838 161 0
1839 179 8
1840 171 37
1841 171 38
1842 166 11
1843 161 1
1844 180 4
1845 180 5
1846 63 1
1847 180 9
1848 166 17
1849 180 10
1850 166 18
1851 168 19
1852 169 12
1853 52 28
1854 169 13
1855 171 39
1856 169 14
1857 181 3
1858 171 40
1859 169 20
1860 52 27
1861 161 2
1862 59 20
1863 171 41
1864 68 2
1865 169 21
1866 182 6
1867 182 7
1868 61 26
1869 172 27
1870 36 17
1871 182 8
1872 169 22
1873 169 23
1874 169 24
1875 172 28
1876 162 0
1877 183 4
1878 162 1
1879 183 5
1880 183 9
1881 183 10
1882 170 15
1883 170 16
1884 171 11
1885 171 17
1886 171 18
1887 162 2
1888 45 0
1889 63 2
1890 173 19
1891 53 6
1892 163 0
1893 53 0
1894 163 1
1895 184 3
1896 174 12
1897 69 37
1898 38 6
1899 174 13
1900 163 2
1901 172 29
1902 173 30
1903 164 0
1904 185 6
1905 40 2
1906 44 13
1907 173 31
1908 185 7
1909 64 3
1910 164 1
1911 185 8
1912 64 23
1913 175 25
1914 174 14
1915 164 2
1916 186 4
1917 174 20
1918 174 21
1919 53 7
1920 186 5
1921 165 0
1922 165 1
1923 174 22
1924 165 2
1925 174 23
1926 175 26
1927 186 9
1928 186 10
1929 176 32
1930 176 33
1931 176 34
1932 58 27
1933 187 3
1934 61 1
1935 176 35
1936 174 24
1937 176 36
1938 177 37
1939 175 15
1940 177 38
1941 175 16
1942 166 0
1943 177 39
1944 176 11
1945 176 17
1946 166 1
1947 177 40
1948 66 18
1949 177 41
1950 166 2
1951 176 18
1952 167 0
1953 178 19
1954 167 1
1955 167 2
1956 168 0
1957 178 27
1958 179 12
1959 188 6
1960 168 1
1961 179 13
1962 179 14
1963 168 2
1964 169 0
1965 169 1
1966 179 20
1967 188 7
1968 179 21
1969 188 8
1970 169 2
1971 170 0
1972 178 28
1973 54 14
1974 179 22
1975 179 23
1976 178 29
1977 189 4
1978 179 24
1979 180 15
1980 180 16
1981 189 5
1982 170 1
1983 170 2
1984 189 9
1985 179 30
1986 171 0
1987 179 31
1988 189 10
1989 190 3
1990 191 6
1991 181 11
1992 191 7
1993 171 1
1994 171 2
1995 181 25
1996 181 17
1997 191 8
1998 181 18
1999 61 2
2000 183 19
2001 181 26
2002 172 0
2003 192 4
2004 184 12
2005 184 13
