// The next line is the dfg name
random3_4type_uniform
// The next lines are FU parameters given as:
// <FU type>  <resource constraint>  <# of FUs used>  <FU delay>
ADD 1 1 1
MUL 3 3 3
DIV 5 5 5
SQRT 6 6 6
actual latency 227
0 1 9
1 7 7
2 12 7
3 17 7
4 75 2
5 124 0
6 81 4
7 137 7
8 123 2
9 92 0
10 126 14
11 129 9
12 133 0
13 135 9
14 134 0
15 135 2
16 132 1
17 132 7
18 135 10
19 136 4
20 132 0
21 132 14
22 134 5
23 141 1
24 138 1
25 133 8
26 138 0
27 142 11
28 141 9
29 139 5
30 136 6
31 142 0
32 147 3
33 153 2
34 156 13
35 144 13
36 146 6
37 171 3
38 144 0
39 152 0
40 153 1
41 163 8
42 148 8
43 147 7
44 141 2
45 120 1
46 141 4
47 156 4
48 172 12
49 168 3
50 180 0
51 189 10
52 146 4
53 147 9
54 144 1
55 153 3
56 153 8
57 156 6
58 171 2
59 154 5
60 154 11
61 153 10
62 152 7
63 158 8
64 153 9
65 165 3
66 162 14
67 164 0
68 161 0
69 161 4
70 162 13
71 161 6
72 166 0
73 162 0
74 160 11
75 162 1
76 159 3
77 165 2
78 157 7
79 95 0
80 138 2
81 200 0
82 171 9
83 168 14
84 169 5
85 171 10
86 168 8
87 181 0
88 183 8
89 159 5
90 102 2
91 96 0
92 182 0
93 168 1
94 165 9
95 150 0
96 141 6
97 169 0
98 167 0
99 170 0
100 171 0
101 168 13
102 167 7
103 168 2
104 171 1
105 172 0
106 159 1
107 162 7
108 159 2
109 159 0
110 197 0
111 198 0
112 198 1
113 126 4
114 201 9
115 201 0
116 201 4
117 201 10
118 202 11
119 202 0
120 202 12
121 201 6
122 172 11
123 173 8
124 176 0
125 171 4
126 171 6
127 173 0
128 175 0
129 172 7
130 178 8
131 178 11
132 179 5
133 180 2
134 178 0
135 180 3
136 186 3
137 179 0
138 180 1
139 203 2
140 125 0
141 174 1
142 174 5
143 176 4
144 174 2
145 184 0
146 183 0
147 185 0
148 183 1
149 183 2
150 183 3
151 186 0
152 187 0
153 188 0
154 186 1
155 203 3
156 165 10
157 159 10
158 178 12
159 165 1
160 164 5
161 177 7
162 174 13
163 174 0
164 168 0
165 147 10
166 148 11
167 145 0
168 148 12
169 146 0
170 147 0
171 150 14
172 144 3
173 154 12
174 186 2
175 189 0
176 177 0
177 174 14
178 177 9
179 181 4
180 174 3
181 177 1
182 181 6
183 177 10
184 182 7
185 190 0
186 184 11
187 184 5
188 184 12
189 186 14
190 186 4
191 191 0
192 186 6
193 206 1
194 147 1
195 147 2
196 141 10
197 176 6
198 1 4
199 6 4
200 6 3
201 6 14
202 6 2
203 6 1
204 122 0
205 6 6
206 6 0
207 123 0
208 14 10
209 10 0
210 9 5
211 11 6
212 72 3
213 9 13
214 36 2
215 83 0
216 202 7
217 94 5
218 103 8
219 97 7
220 36 14
221 11 0
222 15 13
223 20 10
224 18 8
225 120 3
226 18 3
227 135 3
228 21 6
229 21 4
230 21 0
231 22 7
232 138 14
233 123 9
234 12 3
235 138 13
236 9 0
237 151 0
238 48 2
239 26 0
240 29 0
241 81 0
242 32 0
243 18 14
244 16 0
245 20 11
246 18 1
247 20 12
248 71 6
249 177 2
250 129 0
251 192 3
252 180 13
253 183 10
254 183 9
255 214 12
256 180 14
257 27 1
258 151 6
259 12 14
260 33 13
261 12 0
262 13 0
263 21 13
264 17 0
265 27 13
266 32 10
267 15 0
268 7 0
269 189 5
270 48 3
271 33 3
272 33 0
273 46 0
274 138 3
275 108 13
276 194 5
277 22 0
278 31 0
279 18 0
280 19 0
281 220 12
282 209 0
283 195 2
284 197 7
285 195 1
286 222 13
287 195 0
288 208 12
289 30 14
290 42 3
291 31 4
292 30 0
293 31 6
294 30 1
295 32 7
296 33 8
297 15 3
298 14 9
299 141 0
300 166 6
301 142 12
302 142 7
303 198 8
304 208 0
305 199 5
306 92 7
307 89 12
308 87 3
309 90 13
310 93 2
311 195 10
312 214 1
313 214 11
314 214 0
315 215 0
316 26 6
317 20 0
318 28 8
319 36 4
320 36 6
321 37 7
322 20 9
323 21 2
324 76 0
325 204 0
326 210 14
327 205 0
328 213 9
329 206 0
330 207 0
331 196 0
332 192 2
333 203 0
334 187 7
335 123 10
336 188 8
337 196 11
338 189 1
339 196 12
340 198 13
341 186 13
342 193 0
343 33 1
344 34 5
345 198 14
346 191 4
347 191 6
348 194 0
349 204 14
350 189 2
351 189 3
352 189 9
353 192 1
354 27 2
355 210 0
356 220 11
357 199 0
358 213 10
359 201 1
360 47 7
361 78 0
362 78 2
363 78 13
364 192 7
365 78 3
366 78 14
367 81 1
368 196 6
369 204 13
370 207 9
371 114 5
372 51 13
373 51 14
374 60 10
375 51 9
376 26 12
377 24 2
378 23 0
379 25 0
380 24 14
381 23 8
382 216 13
383 216 14
384 209 1
385 209 4
386 209 5
387 219 9
388 219 10
389 196 4
390 57 7
391 51 2
392 51 3
393 52 0
394 192 0
395 39 0
396 57 2
397 26 9
398 24 5
399 26 4
400 24 1
401 26 10
402 26 11
403 24 0
404 1 0
405 2 0
406 2 10
407 2 11
408 2 12
409 8 11
410 14 11
411 8 9
412 3 13
413 13 8
414 8 8
415 9 1
416 9 3
417 8 10
418 12 2
419 36 3
420 8 0
421 14 5
422 14 0
423 37 0
424 28 0
425 73 8
426 123 1
427 74 5
428 177 3
429 32 11
430 32 12
431 19 5
432 16 4
433 15 1
434 15 2
435 79 0
436 16 6
437 3 0
438 24 3
439 21 3
440 21 1
441 35 0
442 36 0
443 29 5
444 44 5
445 32 9
446 71 4
447 38 0
448 8 12
449 69 3
450 42 2
451 40 0
452 41 0
453 42 7
454 39 2
455 39 3
456 39 11
457 12 1
458 80 0
459 72 7
460 72 10
461 72 1
462 38 8
463 27 3
464 30 2
465 47 0
466 27 7
467 43 8
468 30 3
469 33 2
470 27 0
471 101 6
472 121 0
473 43 0
474 44 0
475 39 5
476 41 4
477 39 1
478 114 3
479 77 11
480 79 5
481 77 12
482 77 7
483 82 7
484 77 0
485 121 6
486 81 6
487 84 2
488 83 11
489 82 0
490 83 12
491 93 3
492 84 13
493 87 7
494 117 11
495 81 3
496 9 2
497 76 4
498 76 6
499 45 3
500 45 9
501 45 1
502 45 0
503 48 8
504 48 11
505 48 10
506 48 0
507 48 12
508 49 5
509 69 5
510 96 1
511 96 4
512 96 2
513 38 9
514 120 0
515 49 0
516 54 10
517 54 11
518 55 0
519 54 1
520 54 12
521 54 2
522 59 5
523 105 3
524 54 0
525 193 8
526 14 12
527 195 9
528 57 13
529 57 1
530 60 0
531 56 0
532 57 14
533 57 0
534 124 5
535 58 8
536 56 4
537 111 10
538 111 11
539 108 1
540 109 5
541 113 0
542 114 12
543 108 3
544 111 1
545 111 2
546 38 10
547 89 0
548 129 3
549 130 0
550 131 0
551 136 11
552 136 12
553 132 2
554 126 6
555 132 3
556 135 1
557 120 2
558 34 0
559 88 8
560 86 0
561 84 14
562 89 5
563 87 9
564 91 4
565 105 2
566 87 0
567 111 0
568 108 0
569 109 0
570 110 0
571 108 14
572 111 9
573 108 2
574 108 8
575 61 0
576 130 13
577 46 6
578 130 11
579 207 10
580 78 1
581 61 11
582 61 12
583 61 6
584 63 2
585 62 7
586 62 0
587 67 7
588 67 12
589 70 0
590 18 2
591 72 2
592 208 11
593 96 3
594 198 2
595 198 3
596 210 13
597 91 6
598 89 11
599 88 0
600 91 0
601 87 1
602 87 2
603 81 9
604 1 1
605 4 5
606 11 4
607 69 2
608 36 1
609 72 13
610 42 1
611 42 0
612 50 0
613 41 6
614 78 8
615 51 4
616 57 3
617 60 2
618 53 0
619 51 6
620 123 3
621 60 3
622 46 4
623 166 4
624 126 0
625 60 1
626 52 7
627 75 0
628 51 1
629 54 5
630 56 6
631 51 0
632 53 8
633 93 8
634 68 8
635 192 13
636 84 3
637 143 8
638 57 9
639 59 0
640 122 7
641 63 1
642 63 3
643 63 0
644 75 3
645 63 9
646 69 0
647 69 1
648 66 0
649 66 1
650 66 2
651 66 10
652 66 3
653 102 3
654 98 10
655 98 12
656 107 0
657 98 13
658 100 0
659 103 0
660 102 7
661 99 5
662 45 2
663 81 2
664 69 9
665 58 0
666 104 0
667 94 0
668 84 0
669 85 0
670 86 4
671 84 1
672 86 6
673 84 5
674 84 10
675 111 4
676 111 6
677 138 8
678 107 7
679 112 7
680 113 8
681 119 5
682 112 0
683 61 4
684 63 8
685 74 0
686 90 1
687 90 3
688 90 0
689 141 3
690 90 10
691 93 1
692 78 10
693 114 2
694 104 5
695 93 0
696 101 4
697 102 1
698 101 0
699 102 0
700 64 0
701 126 3
702 129 1
703 124 12
704 129 2
705 124 13
706 124 11
707 72 0
708 192 14
709 90 2
710 66 4
711 65 0
712 71 0
713 63 13
714 67 0
715 66 6
716 63 14
717 68 0
718 131 4
719 117 9
720 117 10
721 117 1
722 117 0
723 118 0
724 117 7
725 119 0
726 121 4
727 126 1
728 129 10
729 126 2
730 54 3
731 67 11
732 190 11
733 148 0
734 190 12
735 150 1
736 149 0
737 75 1
738 48 1
739 75 9
740 153 0
741 144 14
742 144 2
743 144 5
744 156 3
745 160 12
746 166 11
747 160 0
748 159 9
749 162 2
750 163 0
751 162 3
752 150 2
753 150 3
754 151 4
755 150 13
756 73 0
757 72 14
758 111 3
759 114 13
760 116 0
761 116 4
762 108 12
763 115 0
764 114 1
765 116 6
766 149 5
767 117 3
768 96 6
769 97 0
770 95 9
771 106 4
772 105 0
773 106 6
774 105 1
775 105 9
776 106 0
777 105 10
778 105 11
779 156 0
780 98 11
781 98 0
782 99 0
783 99 1
784 99 2
785 98 8
786 99 3
787 118 8
788 117 2
789 64 5
790 165 0
791 127 7
792 130 12
793 127 0
794 128 8
795 128 0
796 129 5
797 131 6
798 114 0
799 83 8
800 123 8
801 156 1
802 156 14
803 156 2
804 143 0
805 166 12
