// The next line is the dfg name
random6_4type_invdelay
// The next lines are FU parameters given as:
// <FU type>  <resource constraint>  <# of FUs used>  <FU delay>
ADD 9 9 1
MUL 9 9 3
DIV 10 10 5
SQRT 10 10 6
actual latency 124
0 1 0
1 2 0
2 3 10
3 6 5
4 115 16
5 56 8
6 6 7
7 120 10
8 6 2
9 114 8
10 6 26
11 6 3
12 123 0
13 7 9
14 78 4
15 112 14
16 106 25
17 65 3
18 112 3
19 102 35
20 7 3
21 87 5
22 7 2
23 118 5
24 109 12
25 106 23
26 101 26
27 11 33
28 7 15
29 116 7
30 8 29
31 97 16
32 108 8
33 9 30
34 9 10
35 11 8
36 109 4
37 112 12
38 111 10
39 117 2
40 8 6
41 10 11
42 109 5
43 109 6
44 7 13
45 112 15
46 102 27
47 102 36
48 96 21
49 112 16
50 9 3
51 17 17
52 17 8
53 71 22
54 21 26
55 65 7
56 65 8
57 14 29
58 95 1
59 12 5
60 95 2
61 87 8
62 85 20
63 13 15
64 12 2
65 65 4
66 109 13
67 109 7
68 71 7
69 100 5
70 10 8
71 10 4
72 10 20
73 100 6
74 100 7
75 100 8
76 112 9
77 88 7
78 13 2
79 20 2
80 51 3
81 46 23
82 48 36
83 51 4
84 22 11
85 15 20
86 90 1
87 91 11
88 76 4
89 82 15
90 73 16
91 78 7
92 82 16
93 78 8
94 72 37
95 106 3
96 96 26
97 96 36
98 106 4
99 112 1
100 106 5
101 106 6
102 94 8
103 75 10
104 73 1
105 16 24
106 66 34
107 15 3
108 16 14
109 73 2
110 76 15
111 66 35
112 101 2
113 101 3
114 103 12
115 96 22
116 95 3
117 13 5
118 13 16
119 95 4
120 51 26
121 53 6
122 95 5
123 53 7
124 112 11
125 95 6
126 94 7
127 99 10
128 100 11
129 117 7
130 100 12
131 95 7
132 95 8
133 96 1
134 88 2
135 57 7
136 58 0
137 56 25
138 16 13
139 20 17
140 19 4
141 88 0
142 58 1
143 59 32
144 101 0
145 51 21
146 11 3
147 96 2
148 89 33
149 96 3
150 91 21
151 100 13
152 65 5
153 111 2
154 83 32
155 12 7
156 94 14
157 83 33
158 88 8
159 96 4
160 115 0
161 84 34
162 84 35
163 86 21
164 84 36
165 84 37
166 54 4
167 66 0
168 66 1
169 66 2
170 66 22
171 66 23
172 16 3
173 66 3
174 83 17
175 79 0
176 79 1
177 79 2
178 76 23
179 76 24
180 79 3
181 84 10
182 79 4
183 20 1
184 76 7
185 76 8
186 76 5
187 77 3
188 76 6
189 14 7
190 84 1
191 84 2
192 88 16
193 100 9
194 118 0
195 85 11
196 76 25
197 85 12
198 77 0
199 86 22
200 13 7
201 89 5
202 94 15
203 89 6
204 79 28
205 83 6
206 89 7
207 89 8
208 113 17
209 61 16
210 53 32
211 53 33
212 58 6
213 22 14
214 58 7
215 58 8
216 56 26
217 102 0
218 102 34
219 102 1
220 102 2
221 102 3
222 89 1
223 89 2
224 89 17
225 90 10
226 91 9
227 89 0
228 89 3
229 89 4
230 84 3
231 84 4
232 14 4
233 46 24
234 46 25
235 48 4
236 48 5
237 45 30
238 16 16
239 79 5
240 79 6
241 19 8
242 73 28
243 85 13
244 101 4
245 101 5
246 101 6
247 71 23
248 92 29
249 85 14
250 95 0
251 36 24
252 39 30
253 40 6
254 36 25
255 40 7
256 79 7
257 74 29
258 79 8
259 80 0
260 80 1
261 72 5
262 80 2
263 80 3
264 75 30
265 95 31
266 64 16
267 62 4
268 61 22
269 65 17
270 62 5
271 61 23
272 62 6
273 62 7
274 94 16
275 85 28
276 90 2
277 90 3
278 86 23
279 62 8
280 90 0
281 77 1
282 48 6
283 48 7
284 48 8
285 46 26
286 55 14
287 47 31
288 47 27
289 90 4
290 119 5
291 73 3
292 73 4
293 73 5
294 73 6
295 85 9
296 59 0
297 54 34
298 62 17
299 63 10
300 54 35
301 59 1
302 1 28
303 7 27
304 12 0
305 12 10
306 84 5
307 86 18
308 13 4
309 106 24
310 13 9
311 13 28
312 13 0
313 62 3
314 15 5
315 66 36
316 63 30
317 15 0
318 19 1
319 69 0
320 54 5
321 80 4
322 61 3
323 16 22
324 14 0
325 17 32
326 16 8
327 16 5
328 16 0
329 16 1
330 66 4
331 17 31
332 20 20
333 63 0
334 91 1
335 16 9
336 25 2
337 17 0
338 92 0
339 66 10
340 23 0
341 23 1
342 51 10
343 19 0
344 55 4
345 19 9
346 21 18
347 56 6
348 19 6
349 26 4
350 26 5
351 26 17
352 55 28
353 57 4
354 20 29
355 20 0
356 21 10
357 58 2
358 21 30
359 50 17
360 24 37
361 21 4
362 49 19
363 56 21
364 18 10
365 21 1
366 21 3
367 55 15
368 21 5
369 47 32
370 21 24
371 21 0
372 23 32
373 21 25
374 36 26
375 25 20
376 43 15
377 24 5
378 40 0
379 24 10
380 41 31
381 31 14
382 52 11
383 22 0
384 22 3
385 43 7
386 43 8
387 23 31
388 42 27
389 44 5
390 44 19
391 40 8
392 40 1
393 24 19
394 41 1
395 41 2
396 23 17
397 43 16
398 41 3
399 41 32
400 44 6
401 42 36
402 22 1
403 28 13
404 44 0
405 16 7
406 31 21
407 39 19
408 44 17
409 25 13
410 41 4
411 41 33
412 40 20
413 41 5
414 18 3
415 16 26
416 26 24
417 24 3
418 41 6
419 26 18
420 41 7
421 24 0
422 24 34
423 53 0
424 40 9
425 35 8
426 25 11
427 25 0
428 25 3
429 40 11
430 36 7
431 30 20
432 21 6
433 41 8
434 78 6
435 85 15
436 76 26
437 14 3
438 80 5
439 61 24
440 35 7
441 22 6
442 44 7
443 45 10
444 23 5
445 46 11
446 41 18
447 46 12
448 42 1
449 42 2
450 24 35
451 41 21
452 101 7
453 103 13
454 101 8
455 96 23
456 21 2
457 44 8
458 73 7
459 16 12
460 76 16
461 77 17
462 64 8
463 16 25
464 78 10
465 79 11
466 15 7
467 26 0
468 26 2
469 19 28
470 26 6
471 32 2
472 30 34
473 32 3
474 31 18
475 32 4
476 32 5
477 30 0
478 32 6
479 31 13
480 27 10
481 66 5
482 35 17
483 35 0
484 52 12
485 26 7
486 35 1
487 40 12
488 26 8
489 79 9
490 59 19
491 29 0
492 29 19
493 32 7
494 32 8
495 35 20
496 30 35
497 28 14
498 28 7
499 28 8
500 28 15
501 34 1
502 34 2
503 30 36
504 52 13
505 41 0
506 31 24
507 26 21
508 27 6
509 34 16
510 27 7
511 27 8
512 30 37
513 26 1
514 26 3
515 28 9
516 36 1
517 36 0
518 36 2
519 36 3
520 36 4
521 28 16
522 27 30
523 27 0
524 31 16
525 27 2
526 86 29
527 27 3
528 28 3
529 28 11
530 31 25
531 28 4
532 31 26
533 29 31
534 28 12
535 28 5
536 31 23
537 29 1
538 29 17
539 29 2
540 29 3
541 29 4
542 29 5
543 29 6
544 111 0
545 37 27
546 37 5
547 37 6
548 31 28
549 31 0
550 31 11
551 31 1
552 61 0
553 30 10
554 30 1
555 30 8
556 31 2
557 67 11
558 37 4
559 31 3
560 80 6
561 80 7
562 85 16
563 80 8
564 81 0
565 86 17
566 32 17
567 44 1
568 27 27
569 30 2
570 30 3
571 30 4
572 30 5
573 31 22
574 30 6
575 30 7
576 34 9
577 34 19
578 35 31
579 34 0
580 34 11
581 31 9
582 27 4
583 38 0
584 36 10
585 36 5
586 37 9
587 36 6
588 37 11
589 36 34
590 36 18
591 36 21
592 37 0
593 37 1
594 37 28
595 37 2
596 37 3
597 38 29
598 79 12
599 36 35
600 25 28
601 36 8
602 37 7
603 37 8
604 40 13
605 35 32
606 38 1
607 1 18
608 6 10
609 72 3
610 6 0
611 6 34
612 7 11
613 10 3
614 7 0
615 11 23
616 105 8
617 11 21
618 118 16
619 115 11
620 7 5
621 115 12
622 57 2
623 73 11
624 98 29
625 99 8
626 109 8
627 87 3
628 8 0
629 10 12
630 8 1
631 100 0
632 107 31
633 9 0
634 90 5
635 12 3
636 12 1
637 87 30
638 12 4
639 51 24
640 90 6
641 12 35
642 12 6
643 100 4
644 10 0
645 102 5
646 102 6
647 71 8
648 82 13
649 87 7
650 102 7
651 103 14
652 94 4
653 110 2
654 64 3
655 11 4
656 11 31
657 102 8
658 103 0
659 103 1
660 95 32
661 103 2
662 107 27
663 103 3
664 103 4
665 105 30
666 109 19
667 8 8
668 106 7
669 97 27
670 9 6
671 87 4
672 57 6
673 106 8
674 54 8
675 16 4
676 101 1
677 11 5
678 61 8
679 103 5
680 94 5
681 84 0
682 103 6
683 11 26
684 100 14
685 20 7
686 81 1
687 20 3
688 77 27
689 77 31
690 18 6
691 107 0
692 80 29
693 14 19
694 18 37
695 84 6
696 12 8
697 90 7
698 87 6
699 96 35
700 90 8
701 91 2
702 64 5
703 21 23
704 102 10
705 88 3
706 102 4
707 67 12
708 17 5
709 57 8
710 17 2
711 17 4
712 96 24
713 121 4
714 117 5
715 122 1
716 88 9
717 116 3
718 56 22
719 64 9
720 18 1
721 58 15
722 18 34
723 103 7
724 94 9
725 85 2
726 16 21
727 91 12
728 14 8
729 91 13
730 84 7
731 13 12
732 106 15
733 66 21
734 64 15
735 71 24
736 63 1
737 58 3
738 58 4
739 56 29
740 57 30
741 63 2
742 65 0
743 66 37
744 58 16
745 73 8
746 112 0
747 97 0
748 96 5
749 96 6
750 96 7
751 71 18
752 24 1
753 19 15
754 66 6
755 91 14
756 113 0
757 113 1
758 113 2
759 66 7
760 60 35
761 59 2
762 54 36
763 56 23
764 59 3
765 21 21
766 49 1
767 49 14
768 22 8
769 49 15
770 40 2
771 61 1
772 59 4
773 88 1
774 25 16
775 25 4
776 25 1
777 10 5
778 103 8
779 116 2
780 104 0
781 103 15
782 104 1
783 94 6
784 71 6
785 68 29
786 21 22
787 53 3
788 55 5
789 19 11
790 70 9
791 45 2
792 45 3
793 22 9
794 22 12
795 44 2
796 59 5
797 45 0
798 19 7
799 76 21
800 79 13
801 77 4
802 118 9
803 106 16
804 84 8
805 85 3
806 13 8
807 81 23
808 85 4
809 114 10
810 81 2
811 81 3
812 77 32
813 81 4
814 81 5
815 81 6
816 37 12
817 118 12
818 116 5
819 118 4
820 42 3
821 42 34
822 27 5
823 42 4
824 91 3
825 117 3
826 74 0
827 54 37
828 39 10
829 41 22
830 46 13
831 46 14
832 42 5
833 96 8
834 81 7
835 81 8
836 77 33
837 14 6
838 78 34
839 79 19
840 14 5
841 78 35
842 82 14
843 78 36
844 80 20
845 107 1
846 15 4
847 109 2
848 40 14
849 42 0
850 121 0
851 97 2
852 67 28
853 73 9
854 54 1
855 40 15
856 55 6
857 61 13
858 50 29
859 55 7
860 121 2
861 26 29
862 52 14
863 66 8
864 67 1
865 70 11
866 70 12
867 70 13
868 60 36
869 66 24
870 67 2
871 70 14
872 62 0
873 109 3
874 57 27
875 119 1
876 61 2
877 61 18
878 73 0
879 81 24
880 76 9
881 76 11
882 76 0
883 76 1
884 76 12
885 76 13
886 76 18
887 76 2
888 76 3
889 111 1
890 119 2
891 71 25
892 74 1
893 74 2
894 74 3
895 69 30
896 79 14
897 74 4
898 74 5
899 74 6
900 117 1
901 85 0
902 85 1
903 97 3
904 90 34
905 97 4
906 91 22
907 97 5
908 1 9
909 4 0
910 5 0
911 4 12
912 6 1
913 7 1
914 9 7
915 8 2
916 8 5
917 60 6
918 99 30
919 9 19
920 109 14
921 8 4
922 110 3
923 10 9
924 4 19
925 14 17
926 69 10
927 17 1
928 67 3
929 19 16
930 17 33
931 62 2
932 108 35
933 107 2
934 9 1
935 107 3
936 107 17
937 64 14
938 18 0
939 91 4
940 13 6
941 64 6
942 13 3
943 16 23
944 86 24
945 10 1
946 72 4
947 117 6
948 72 1
949 11 2
950 11 32
951 88 4
952 97 6
953 97 7
954 63 3
955 59 33
956 17 27
957 17 3
958 19 2
959 64 11
960 19 12
961 56 4
962 22 15
963 81 25
964 56 24
965 57 5
966 81 30
967 91 15
968 85 5
969 85 6
970 85 7
971 14 2
972 15 30
973 85 8
974 65 33
975 61 21
976 55 8
977 23 7
978 48 3
979 51 23
980 23 8
981 61 14
982 51 2
983 71 1
984 71 17
985 23 3
986 45 4
987 45 5
988 23 2
989 42 37
990 67 0
991 64 2
992 118 11
993 24 8
994 114 0
995 59 31
996 61 4
997 15 6
998 15 2
999 61 7
1000 53 8
1001 81 18
1002 72 6
1003 82 0
1004 82 1
1005 18 2
1006 104 2
1007 104 3
1008 104 4
1009 103 11
1010 96 25
1011 95 33
1012 57 0
1013 25 9
1014 24 7
1015 42 35
1016 42 6
1017 42 7
1018 41 23
1019 24 4
1020 42 8
1021 74 7
1022 103 16
1023 104 5
1024 104 19
1025 94 11
1026 87 2
1027 105 20
1028 121 1
1029 54 0
1030 49 2
1031 49 3
1032 40 3
1033 49 4
1034 55 16
1035 49 5
1036 49 6
1037 49 7
1038 50 20
1039 19 19
1040 16 2
1041 71 31
1042 74 17
1043 74 8
1044 79 15
1045 71 32
1046 54 7
1047 57 3
1048 56 1
1049 56 2
1050 51 30
1051 22 13
1052 53 4
1053 61 15
1054 56 3
1055 38 2
1056 38 3
1057 35 33
1058 40 16
1059 38 4
1060 86 0
1061 81 26
1062 91 16
1063 86 1
1064 71 33
1065 71 26
1066 75 0
1067 79 16
1068 91 5
1069 91 6
1070 90 20
1071 13 13
1072 91 7
1073 96 10
1074 91 8
1075 104 17
1076 95 17
1077 71 0
1078 67 4
1079 70 15
1080 67 5
1081 67 6
1082 70 16
1083 67 7
1084 72 10
1085 67 8
1086 122 0
1087 54 2
1088 68 0
1089 68 1
1090 68 2
1091 17 7
1092 75 1
1093 47 33
1094 49 8
1095 50 0
1096 23 4
1097 23 33
1098 48 34
1099 50 1
1100 50 2
1101 80 17
1102 66 18
1103 41 17
1104 38 5
1105 38 6
1106 38 7
1107 24 2
1108 42 10
1109 24 36
1110 43 9
1111 26 25
1112 72 0
1113 63 4
1114 86 2
1115 18 36
1116 67 13
1117 61 25
1118 51 25
1119 63 5
1120 63 6
1121 63 7
1122 60 34
1123 61 26
1124 37 13
1125 25 5
1126 25 12
1127 37 14
1128 25 6
1129 25 7
1130 26 22
1131 25 8
1132 67 9
1133 45 6
1134 22 7
1135 45 7
1136 45 8
1137 46 5
1138 52 15
1139 28 0
1140 28 1
1141 106 9
1142 92 1
1143 45 20
1144 46 6
1145 52 16
1146 43 28
1147 46 18
1148 46 7
1149 55 0
1150 55 1
1151 60 10
1152 55 20
1153 55 2
1154 56 18
1155 32 1
1156 33 6
1157 31 15
1158 33 7
1159 33 8
1160 29 32
1161 32 27
1162 62 27
1163 77 2
1164 53 17
1165 29 33
1166 109 0
1167 33 0
1168 33 1
1169 33 2
1170 33 3
1171 33 4
1172 33 10
1173 33 5
1174 43 0
1175 43 1
1176 46 15
1177 46 21
1178 46 8
1179 47 0
1180 54 10
1181 47 1
1182 47 2
1183 47 3
1184 47 4
1185 56 0
1186 56 17
1187 29 7
1188 29 8
1189 31 4
1190 31 5
1191 31 6
1192 31 7
1193 31 12
1194 31 8
1195 32 0
1196 118 13
1197 75 2
1198 75 3
1199 72 34
1200 75 4
1201 46 16
1202 41 24
1203 43 2
1204 41 25
1205 43 3
1206 47 17
1207 41 26
1208 43 4
1209 1 2
1210 2 1
1211 3 0
1212 3 30
1213 3 1
1214 4 14
1215 4 2
1216 4 13
1217 94 12
1218 5 17
1219 117 8
1220 4 5
1221 4 6
1222 4 3
1223 4 1
1224 4 16
1225 4 9
1226 4 4
1227 7 16
1228 3 2
1229 121 9
1230 94 13
1231 7 14
1232 118 8
1233 5 32
1234 115 8
1235 115 13
1236 4 11
1237 9 5
1238 56 7
1239 5 4
1240 5 20
1241 5 1
1242 5 5
1243 116 0
1244 5 8
1245 5 31
1246 118 14
1247 5 6
1248 5 7
1249 97 1
1250 6 4
1251 5 2
1252 6 21
1253 105 5
1254 7 12
1255 112 4
1256 7 28
1257 7 4
1258 106 18
1259 10 16
1260 5 33
1261 115 1
1262 6 8
1263 105 7
1264 6 23
1265 6 18
1266 121 11
1267 5 3
1268 11 6
1269 112 5
1270 6 37
1271 116 6
1272 97 8
1273 91 23
1274 57 1
1275 98 0
1276 98 1
1277 6 24
1278 61 6
1279 115 2
1280 6 6
1281 12 37
1282 100 1
1283 11 18
1284 101 31
1285 115 3
1286 7 7
1287 115 4
1288 6 22
1289 72 8
1290 86 3
1291 107 33
1292 106 21
1293 112 6
1294 112 7
1295 112 8
1296 60 7
1297 7 8
1298 124 0
1299 16 11
1300 117 10
1301 88 6
1302 113 5
1303 113 6
1304 108 34
1305 113 7
1306 13 14
1307 119 4
1308 113 4
1309 116 8
1310 110 4
1311 101 21
1312 109 15
1313 110 5
1314 92 2
1315 118 7
1316 113 8
1317 103 28
1318 105 6
1319 114 2
1320 4 15
1321 106 26
1322 89 19
1323 13 1
1324 91 24
1325 98 2
1326 53 5
1327 118 15
1328 114 3
1329 114 4
1330 6 35
1331 118 1
1332 119 17
1333 114 5
1334 78 5
1335 60 8
1336 7 6
1337 115 14
1338 72 36
1339 86 25
1340 116 17
1341 6 25
1342 106 22
1343 114 6
1344 114 7
1345 56 5
1346 109 16
1347 2 2
1348 101 22
1349 117 4
1350 118 3
1351 98 3
1352 90 35
1353 104 29
1354 82 2
1355 82 3
1356 14 1
1357 78 37
1358 110 6
1359 107 4
1360 65 1
1361 75 5
1362 75 6
1363 15 8
1364 75 7
1365 75 8
1366 15 1
1367 65 32
1368 73 12
1369 16 18
1370 68 3
1371 66 25
1372 68 4
1373 68 5
1374 66 26
1375 114 1
1376 20 4
1377 82 4
1378 87 10
1379 82 5
1380 20 5
1381 120 2
1382 110 7
1383 10 15
1384 101 32
1385 110 8
1386 111 3
1387 101 23
1388 72 27
1389 121 3
1390 124 1
1391 119 6
1392 68 6
1393 60 37
1394 68 7
1395 68 8
1396 69 1
1397 55 13
1398 69 2
1399 69 3
1400 69 4
1401 86 4
1402 82 27
1403 86 5
1404 92 17
1405 86 6
1406 83 7
1407 89 31
1408 92 3
1409 92 4
1410 92 5
1411 92 6
1412 92 7
1413 92 8
1414 101 18
1415 111 4
1416 107 32
1417 100 2
1418 111 5
1419 101 24
1420 101 25
1421 119 7
1422 111 6
1423 111 7
1424 82 6
1425 112 13
1426 69 5
1427 6 36
1428 115 5
1429 115 6
1430 102 37
1431 115 7
1432 120 1
1433 122 2
1434 120 0
1435 74 19
1436 90 36
1437 67 27
1438 98 4
1439 10 6
1440 104 6
1441 104 7
1442 96 34
1443 111 8
1444 108 10
1445 96 37
1446 107 5
1447 107 6
1448 107 7
1449 110 0
1450 101 33
1451 2 3
1452 113 3
1453 111 18
1454 91 25
1455 91 26
1456 98 5
1457 92 27
1458 94 19
1459 98 6
1460 95 20
1461 109 1
1462 110 17
1463 110 1
1464 106 0
1465 106 1
1466 106 11
1467 106 2
1468 69 6
1469 65 6
1470 100 15
1471 98 7
1472 90 37
1473 98 8
1474 99 0
1475 11 7
1476 91 28
1477 99 1
1478 86 7
1479 57 10
1480 58 9
1481 21 7
1482 21 8
1483 48 35
1484 50 3
1485 50 4
1486 50 5
1487 50 6
1488 105 10
1489 54 3
1490 93 0
1491 97 11
1492 107 8
1493 108 0
1494 108 1
1495 108 2
1496 119 3
1497 93 1
1498 86 26
1499 97 12
1500 93 2
1501 93 3
1502 89 32
1503 93 4
1504 97 13
1505 116 1
1506 82 7
1507 82 8
1508 88 11
1509 81 21
1510 83 0
1511 83 1
1512 81 22
1513 83 2
1514 1 1
1515 2 29
1516 2 4
1517 9 8
1518 8 3
1519 8 7
1520 8 17
1521 100 3
1522 10 7
1523 112 2
1524 10 13
1525 11 25
1526 9 2
1527 108 3
1528 11 17
1529 68 17
1530 99 2
1531 15 10
1532 83 3
1533 54 6
1534 20 6
1535 83 4
1536 61 5
1537 91 18
1538 108 4
1539 19 13
1540 58 5
1541 97 28
1542 9 4
1543 11 22
1544 99 19
1545 109 9
1546 115 9
1547 59 6
1548 96 0
1549 116 4
1550 11 24
1551 104 8
1552 105 0
1553 10 2
1554 23 6
1555 22 4
1556 22 27
1557 48 37
1558 51 5
1559 22 2
1560 11 1
1561 99 3
1562 11 0
1563 100 16
1564 99 4
1565 99 5
1566 118 6
1567 64 7
1568 115 15
1569 71 2
1570 88 12
1571 72 7
1572 98 17
1573 20 8
1574 12 34
1575 13 11
1576 55 3
1577 27 1
1578 83 31
1579 18 7
1580 59 7
1581 18 4
1582 59 8
1583 60 0
1584 60 1
1585 19 14
1586 60 20
1587 60 2
1588 43 14
1589 50 7
1590 58 11
1591 40 4
1592 83 8
1593 93 5
1594 93 6
1595 12 27
1596 97 14
1597 93 7
1598 97 15
1599 93 8
1600 94 0
1601 25 15
1602 25 14
1603 58 12
1604 35 6
1605 36 36
1606 43 11
1607 28 6
1608 38 8
1609 86 8
1610 58 13
1611 58 14
1612 51 18
1613 48 2
1614 22 5
1615 40 5
1616 49 16
1617 50 8
1618 51 0
1619 22 16
1620 67 14
1621 18 35
1622 17 6
1623 63 8
1624 67 15
1625 67 16
1626 49 13
1627 49 12
1628 77 5
1629 59 17
1630 82 12
1631 99 6
1632 99 7
1633 93 30
1634 101 17
1635 88 5
1636 103 9
1637 96 18
1638 77 6
1639 72 2
1640 64 4
1641 83 5
1642 88 13
1643 16 15
1644 77 7
1645 65 2
1646 77 8
1647 19 5
1648 16 6
1649 51 1
1650 52 2
1651 52 3
1652 52 27
1653 52 4
1654 52 9
1655 54 19
1656 61 9
1657 52 5
1658 52 1
1659 117 0
1660 47 5
1661 47 6
1662 26 23
1663 47 7
1664 46 22
1665 44 29
1666 44 3
1667 47 8
1668 48 0
1669 53 31
1670 97 9
1671 39 0
1672 39 1
1673 28 2
1674 39 2
1675 39 3
1676 39 4
1677 36 37
1678 19 3
1679 94 1
1680 53 1
1681 53 2
1682 55 9
1683 73 15
1684 78 0
1685 75 20
1686 78 1
1687 78 2
1688 43 5
1689 43 6
1690 48 10
1691 24 6
1692 49 9
1693 69 7
1694 69 8
1695 70 0
1696 70 1
1697 64 1
1698 34 6
1699 34 7
1700 37 15
1701 34 8
1702 69 19
1703 70 2
1704 73 13
1705 106 12
1706 105 1
1707 106 13
1708 12 36
1709 105 2
1710 105 3
1711 106 14
1712 105 4
1713 81 10
1714 82 9
1715 72 35
1716 78 3
1717 88 15
1718 82 11
1719 48 1
1720 44 4
1721 55 11
1722 62 1
1723 49 11
1724 60 3
1725 18 5
1726 64 12
1727 60 4
1728 60 5
1729 64 13
1730 109 11
1731 10 14
1732 108 5
1733 108 6
1734 100 20
1735 108 7
1736 91 0
1737 76 14
1738 65 20
1739 51 6
1740 51 7
1741 49 28
1742 51 8
1743 61 11
1744 61 12
1745 52 6
1746 52 7
1747 52 8
1748 34 3
1749 34 4
1750 34 12
1751 34 13
1752 34 14
1753 36 22
1754 34 15
1755 34 5
1756 35 2
1757 37 16
1758 35 3
1759 35 4
1760 38 17
1761 32 29
1762 35 5
1763 33 30
1764 45 1
1765 65 31
1766 119 0
1767 93 10
1768 87 0
1769 84 19
1770 87 1
1771 55 12
1772 73 14
1773 18 8
1774 70 20
1775 70 3
1776 70 4
1777 71 21
1778 118 2
1779 52 0
1780 88 14
1781 76 22
1782 46 9
1783 46 0
1784 46 1
1785 46 2
1786 46 3
1787 46 4
1788 64 19
1789 64 0
1790 94 2
1791 94 3
1792 87 27
1793 70 5
1794 70 6
1795 70 7
1796 61 28
1797 70 8
1798 71 3
1799 62 29
1800 71 4
1801 71 5
1802 49 0
1803 51 22
1804 39 5
1805 43 12
1806 39 6
1807 39 7
1808 26 26
1809 39 8
1810 43 13
1811 36 23
