// The next line is the dfg name
random2_4type_uniform
// The next lines are FU parameters given as:
// <FU type>  <resource constraint>  <# of FUs used>  <FU delay>
ADD 1 1 1
MUL 3 3 3
DIV 5 5 5
SQRT 6 6 6
actual latency 162
0 1 4
1 6 1
2 6 4
3 39 14
4 10 0
5 9 3
6 9 7
7 9 1
8 27 11
9 12 0
10 12 3
11 12 1
12 63 1
13 12 4
14 18 6
15 39 13
16 69 0
17 23 6
18 16 0
19 13 6
20 57 12
21 13 0
22 13 10
23 39 12
24 14 7
25 15 0
26 70 0
27 15 12
28 15 13
29 14 0
30 17 0
31 17 8
32 25 0
33 61 9
34 22 4
35 22 0
36 21 13
37 21 12
38 21 3
39 21 1
40 21 2
41 18 2
42 22 8
43 27 0
44 12 8
45 27 14
46 61 10
47 63 11
48 18 1
49 71 0
50 72 0
51 63 12
52 33 12
53 58 6
54 28 0
55 59 5
56 12 2
57 53 6
58 37 8
59 37 10
60 63 13
61 59 7
62 27 13
63 55 10
64 29 7
65 27 8
66 63 2
67 35 0
68 62 4
69 63 14
70 63 3
71 51 2
72 62 8
73 73 0
74 58 0
75 25 9
76 24 3
77 67 9
78 39 3
79 66 1
80 66 2
81 57 14
82 66 3
83 24 5
84 69 1
85 74 0
86 24 0
87 75 0
88 24 1
89 67 10
90 69 2
91 76 0
92 27 12
93 77 0
94 57 2
95 78 0
96 63 6
97 79 0
98 64 5
99 36 3
100 60 2
101 69 11
102 69 12
103 64 7
104 49 10
105 67 4
106 69 13
107 80 0
108 69 14
109 69 3
110 65 0
111 81 0
112 82 0
113 73 9
114 73 10
115 72 1
116 75 11
117 34 5
118 72 2
119 75 12
120 67 8
121 68 6
122 54 7
123 42 1
124 83 0
125 72 3
126 62 0
127 69 5
128 69 7
129 72 4
130 75 1
131 54 1
132 75 2
133 75 3
134 57 13
135 72 8
136 78 1
137 75 13
138 73 6
139 68 0
140 45 14
141 75 14
142 49 5
143 79 9
144 74 5
145 84 0
146 79 10
147 74 7
148 30 2
149 29 5
150 78 2
151 81 11
152 81 12
153 85 0
154 23 0
155 78 3
156 81 13
157 86 0
158 77 4
159 55 9
160 81 14
161 87 0
162 88 0
163 89 0
164 77 8
165 81 1
166 90 0
167 85 9
168 81 2
169 78 6
170 34 7
171 81 3
172 84 1
173 84 2
174 44 5
175 85 10
176 87 11
177 51 3
178 87 12
179 87 13
180 84 3
181 91 0
182 87 14
183 91 9
184 92 0
185 91 10
186 24 7
187 93 0
188 87 1
189 79 5
190 79 7
191 94 0
192 95 0
193 96 0
194 82 4
195 87 2
196 87 3
197 90 1
198 97 0
199 98 0
200 93 11
201 82 8
202 90 2
203 83 6
204 93 12
205 1 9
206 7 10
207 14 5
208 18 3
209 7 9
210 90 3
211 13 9
212 99 0
213 84 5
214 26 0
215 19 9
216 19 0
217 20 0
218 19 10
219 7 0
220 27 4
221 93 1
222 48 2
223 66 0
224 84 7
225 33 1
226 33 2
227 33 3
228 93 2
229 100 0
230 101 0
231 36 1
232 36 2
233 36 0
234 41 0
235 87 4
236 39 11
237 39 5
238 47 4
239 87 8
240 15 3
241 39 7
242 102 0
243 93 13
244 103 0
245 93 3
246 61 0
247 57 3
248 52 0
249 37 4
250 37 9
251 52 4
252 27 3
253 28 6
254 44 0
255 30 3
256 51 12
257 93 14
258 33 11
259 33 14
260 32 8
261 97 9
262 88 6
263 89 5
264 48 0
265 89 7
266 42 2
267 97 10
268 57 4
269 57 0
270 96 1
271 99 11
272 53 0
273 21 14
274 43 6
275 104 0
276 96 2
277 44 7
278 96 3
279 105 0
280 54 5
281 99 12
282 106 0
283 107 0
284 45 0
285 99 1
286 108 0
287 45 1
288 99 13
289 99 14
290 109 0
291 110 0
292 103 9
293 103 10
294 111 0
295 99 2
296 56 0
297 39 0
298 105 11
299 99 3
300 105 12
301 102 1
302 92 4
303 48 1
304 92 8
305 105 13
306 105 14
307 112 0
308 47 0
309 93 6
310 113 0
311 109 9
312 102 2
313 102 3
314 94 5
315 57 8
316 94 7
317 109 10
318 114 0
319 97 4
320 115 0
321 51 11
322 116 0
323 111 11
324 97 8
325 98 6
326 111 12
327 111 13
328 111 14
329 115 9
330 115 10
331 99 5
332 117 0
333 99 7
334 117 11
335 105 1
336 105 2
337 118 0
338 117 12
339 105 3
340 102 4
341 102 8
342 119 0
343 103 6
344 45 2
345 104 5
346 108 1
347 104 7
348 108 2
349 108 3
350 120 0
351 64 0
352 121 0
353 122 0
354 107 4
355 54 0
356 107 8
357 117 13
358 111 1
359 123 0
360 117 14
361 121 9
362 111 2
363 108 6
364 109 5
365 124 0
366 125 0
367 111 3
368 121 10
369 123 11
370 123 12
371 126 0
372 127 0
373 128 0
374 114 1
375 109 7
376 114 2
377 112 4
378 129 0
379 112 8
380 114 3
381 113 6
382 117 1
383 117 2
384 123 13
385 117 3
386 114 5
387 123 14
388 8 6
389 120 1
390 130 0
391 120 2
392 120 3
393 127 9
394 114 7
395 117 4
396 117 8
397 127 10
398 129 11
399 129 12
400 118 6
401 123 1
402 131 0
403 132 0
404 123 2
405 1 1
406 4 5
407 9 12
408 9 13
409 9 5
410 9 14
411 133 0
412 9 0
413 11 0
414 9 11
415 9 2
416 123 3
417 119 5
418 59 0
419 15 14
420 18 0
421 19 7
422 15 11
423 15 1
424 17 4
425 15 2
426 19 5
427 60 0
428 21 11
429 30 0
430 27 2
431 27 1
432 29 0
433 31 10
434 119 7
435 32 0
436 126 1
437 33 13
438 31 9
439 32 4
440 30 1
441 122 4
442 122 8
443 123 6
444 129 13
445 129 14
446 21 0
447 31 0
448 33 0
449 39 2
450 40 0
451 60 1
452 37 0
453 52 8
454 133 9
455 39 1
456 134 0
457 126 2
458 124 5
459 126 3
460 25 10
461 129 1
462 133 10
463 24 2
464 135 0
465 46 0
466 42 4
467 136 0
468 49 7
469 124 7
470 42 0
471 48 6
472 57 11
473 48 3
474 45 13
475 45 12
476 43 9
477 47 8
478 42 8
479 43 10
480 54 3
481 38 0
482 49 9
483 135 11
484 49 0
485 137 0
486 42 3
487 55 0
488 51 1
489 138 0
490 127 4
491 139 0
492 129 2
493 140 0
494 51 14
495 141 0
496 129 3
497 127 8
498 67 0
499 132 1
500 128 6
501 129 5
502 129 7
503 135 12
504 135 13
505 38 6
506 57 1
507 142 0
508 132 4
509 132 2
510 143 0
511 132 3
512 43 0
513 135 1
514 135 2
515 45 3
516 132 8
517 144 0
518 133 6
519 135 14
520 139 9
521 139 10
522 141 11
523 134 5
524 141 12
525 141 13
526 141 14
527 135 3
528 54 2
529 145 9
530 134 7
531 145 10
532 45 11
533 137 4
534 138 1
535 145 0
536 146 0
537 147 11
538 137 8
539 138 6
540 50 0
541 138 2
542 139 5
543 147 0
544 147 12
545 139 7
546 138 3
547 148 0
548 142 4
549 141 1
550 149 0
551 34 0
552 141 2
553 147 13
554 142 8
555 143 6
556 144 5
557 51 0
558 141 3
559 147 14
560 151 9
561 144 7
562 150 0
563 144 1
564 147 4
565 63 0
566 147 8
567 144 2
568 148 6
569 144 3
570 51 13
571 149 5
572 147 1
573 147 2
574 149 7
575 151 0
576 152 0
577 153 0
578 147 3
579 154 0
580 152 4
581 33 6
582 150 1
583 151 10
584 60 3
585 150 2
586 155 0
587 152 8
588 153 11
589 153 12
590 156 0
591 150 3
592 153 6
593 153 13
594 153 1
595 153 2
596 157 0
597 154 5
598 154 7
599 153 14
600 157 9
601 153 3
602 156 1
603 156 2
604 157 4
605 158 0
606 156 3
