// The next line is the dfg name
random6_4type_uniform
// The next lines are FU parameters given as:
// <FU type>  <resource constraint>  <# of FUs used>  <FU delay>
ADD 3 3 1
MUL 8 8 3
DIV 14 14 5
SQRT 17 17 6
actual latency 186
0 1 3
1 4 0
2 5 28
3 12 3
4 18 24
5 11 2
6 116 1
7 13 17
8 114 1
9 11 8
10 11 37
11 61 2
12 20 10
13 116 11
14 25 5
15 18 22
16 12 29
17 22 2
18 78 12
19 62 39
20 63 12
21 160 6
22 62 2
23 62 7
24 62 37
25 62 38
26 62 40
27 121 25
28 148 24
29 64 2
30 64 31
31 78 13
32 64 1
33 63 41
34 63 13
35 63 4
36 73 15
37 18 15
38 128 22
39 65 24
40 79 2
41 68 13
42 70 2
43 71 1
44 125 40
45 128 23
46 131 39
47 131 40
48 118 31
49 128 24
50 80 10
51 128 12
52 149 10
53 127 25
54 130 32
55 128 10
56 128 15
57 70 31
58 68 10
59 71 8
60 69 3
61 68 7
62 68 38
63 78 16
64 72 3
65 78 2
66 28 23
67 28 0
68 137 8
69 84 3
70 83 12
71 83 7
72 83 35
73 83 24
74 84 1
75 84 2
76 71 11
77 80 8
78 113 2
79 76 11
80 76 5
81 76 31
82 76 37
83 76 6
84 78 15
85 118 30
86 74 20
87 74 30
88 133 6
89 70 23
90 69 17
91 69 0
92 70 24
93 69 1
94 69 41
95 66 1
96 66 33
97 66 34
98 73 14
99 79 1
100 69 4
101 66 2
102 66 3
103 89 18
104 89 1
105 89 37
106 89 40
107 97 6
108 89 38
109 90 4
110 89 19
111 89 41
112 157 0
113 158 7
114 153 24
115 158 37
116 75 2
117 81 4
118 73 33
119 77 9
120 73 29
121 81 0
122 76 0
123 137 7
124 79 20
125 141 1
126 142 1
127 143 13
128 144 37
129 142 0
130 143 14
131 140 10
132 141 2
133 88 2
134 90 3
135 90 2
136 132 4
137 95 37
138 84 17
139 133 13
140 104 10
141 163 11
142 95 10
143 136 29
144 154 17
145 95 38
146 86 0
147 93 14
148 107 36
149 86 7
150 107 37
151 93 15
152 86 1
153 93 3
154 95 41
155 87 0
156 88 22
157 97 25
158 88 23
159 92 8
160 23 0
161 82 29
162 82 30
163 82 31
164 82 32
165 82 33
166 105 4
167 101 9
168 100 2
169 101 10
170 100 32
171 100 33
172 102 1
173 101 1
174 83 16
175 83 9
176 83 10
177 83 1
178 83 41
179 107 41
180 83 2
181 83 22
182 83 23
183 131 9
184 75 0
185 77 8
186 74 7
187 75 1
188 78 1
189 90 1
190 89 2
191 92 9
192 88 16
193 88 24
194 143 0
195 79 17
196 79 25
197 79 18
198 79 19
199 74 34
200 82 5
201 77 10
202 74 35
203 76 1
204 74 27
205 78 0
206 78 3
207 78 4
208 108 14
209 124 18
210 124 31
211 124 32
212 124 6
213 136 11
214 125 7
215 125 8
216 124 33
217 159 1
218 159 27
219 159 4
220 160 5
221 159 2
222 168 1
223 168 3
224 168 20
225 168 11
226 168 19
227 168 0
228 168 5
229 168 2
230 85 21
231 85 5
232 87 2
233 136 30
234 136 31
235 136 5
236 136 6
237 136 32
238 88 33
239 89 20
240 92 10
241 92 1
242 101 40
243 90 21
244 69 2
245 70 0
246 70 1
247 95 39
248 173 34
249 101 41
250 143 8
251 83 38
252 83 39
253 83 8
254 83 40
255 83 0
256 91 0
257 91 25
258 91 1
259 91 6
260 92 7
261 107 7
262 91 11
263 91 2
264 93 28
265 131 35
266 94 18
267 94 6
268 94 31
269 94 32
270 96 3
271 94 33
272 94 1
273 94 2
274 143 12
275 143 35
276 140 1
277 140 2
278 144 36
279 95 1
280 169 0
281 88 1
282 141 3
283 141 0
284 141 11
285 142 31
286 142 32
287 142 33
288 143 34
289 84 0
290 71 0
291 113 23
292 113 24
293 114 17
294 110 10
295 88 15
296 134 0
297 135 26
298 134 18
299 134 19
300 135 27
301 134 8
302 1 26
303 7 26
304 65 8
305 13 20
306 70 5
307 68 26
308 80 2
309 68 30
310 68 14
311 68 27
312 69 18
313 71 10
314 24 2
315 20 32
316 19 30
317 87 1
318 107 9
319 118 23
320 82 6
321 76 2
322 86 10
323 74 26
324 74 19
325 88 29
326 92 0
327 99 19
328 103 6
329 92 2
330 90 0
331 88 30
332 111 27
333 106 2
334 77 7
335 88 12
336 131 7
337 106 6
338 80 7
339 93 16
340 161 8
341 104 2
342 94 19
343 93 12
344 93 4
345 93 13
346 93 27
347 7 12
348 148 6
349 134 20
350 134 9
351 134 17
352 107 38
353 25 1
354 99 26
355 116 2
356 98 24
357 137 9
358 118 32
359 118 14
360 117 27
361 117 1
362 119 38
363 85 25
364 109 17
365 116 10
366 114 3
367 114 18
368 114 4
369 119 39
370 115 25
371 114 0
372 118 33
373 117 28
374 164 31
375 164 30
376 164 12
377 164 2
378 164 1
379 164 16
380 164 32
381 123 14
382 98 13
383 114 2
384 99 2
385 99 3
386 98 7
387 99 27
388 101 37
389 99 4
390 101 38
391 115 5
392 117 3
393 118 29
394 115 6
395 115 1
396 115 21
397 119 40
398 115 2
399 119 41
400 115 0
401 119 37
402 116 0
403 169 13
404 101 0
405 65 7
406 124 30
407 103 25
408 103 12
409 133 23
410 103 13
411 106 31
412 106 32
413 103 0
414 112 0
415 73 25
416 107 34
417 107 1
418 105 3
419 106 33
420 105 2
421 107 0
422 105 26
423 123 15
424 109 25
425 108 3
426 143 23
427 109 2
428 111 2
429 108 23
430 108 0
431 117 26
432 79 5
433 164 4
434 87 4
435 81 11
436 81 28
437 93 2
438 81 3
439 68 40
440 130 5
441 126 4
442 119 7
443 103 16
444 103 14
445 103 22
446 101 34
447 101 35
448 101 2
449 102 0
450 100 31
451 101 36
452 141 4
453 144 41
454 143 22
455 147 28
456 79 0
457 117 0
458 95 2
459 99 20
460 94 20
461 95 21
462 94 17
463 95 40
464 96 11
465 98 14
466 99 1
467 158 10
468 131 8
469 113 36
470 121 0
471 170 4
472 170 29
473 170 0
474 170 25
475 170 17
476 170 1
477 171 2
478 170 10
479 170 18
480 169 40
481 102 4
482 123 13
483 123 12
484 119 18
485 120 3
486 123 3
487 133 12
488 123 16
489 118 16
490 107 39
491 126 0
492 124 29
493 124 5
494 124 0
495 141 27
496 141 28
497 138 22
498 138 23
499 139 1
500 142 29
501 139 6
502 138 24
503 142 30
504 80 21
505 165 17
506 112 29
507 112 30
508 111 4
509 118 22
510 112 5
511 110 0
512 112 31
513 110 2
514 117 4
515 110 21
516 128 7
517 130 6
518 128 0
519 128 8
520 128 1
521 114 20
522 111 28
523 131 10
524 118 15
525 111 1
526 16 34
527 134 7
528 134 1
529 135 21
530 135 28
531 134 2
532 148 29
533 148 30
534 148 31
535 114 19
536 129 26
537 140 7
538 139 17
539 140 8
540 139 2
541 140 9
542 139 18
543 139 19
544 124 17
545 133 25
546 133 5
547 133 0
548 172 28
549 172 6
550 172 15
551 172 7
552 91 5
553 113 16
554 113 15
555 111 0
556 111 3
557 119 20
558 131 0
559 106 11
560 77 0
561 77 1
562 74 21
563 80 9
564 77 2
565 75 23
566 169 16
567 102 3
568 151 25
569 175 16
570 175 0
571 175 6
572 175 7
573 175 38
574 175 1
575 175 17
576 133 16
577 130 29
578 130 30
579 130 0
580 130 31
581 118 13
582 105 1
583 132 3
584 176 14
585 176 0
586 176 25
587 177 3
588 176 19
589 176 29
590 176 30
591 176 31
592 138 0
593 138 14
594 138 39
595 138 1
596 138 3
597 138 40
598 93 22
599 165 26
600 112 32
601 108 1
602 108 4
603 109 5
604 108 24
605 112 33
606 109 19
607 1 25
608 7 13
609 7 2
610 7 0
611 7 30
612 7 14
613 48 1
614 8 8
615 8 32
616 8 9
617 8 27
618 8 17
619 8 22
620 8 7
621 8 23
622 33 18
623 33 22
624 11 41
625 11 0
626 11 9
627 11 1
628 12 13
629 33 23
630 12 4
631 35 7
632 13 30
633 23 8
634 13 24
635 15 4
636 162 3
637 16 35
638 15 0
639 13 25
640 13 0
641 14 31
642 15 3
643 15 1
644 27 3
645 26 7
646 26 8
647 27 0
648 27 12
649 34 5
650 26 2
651 26 32
652 34 6
653 11 10
654 30 2
655 30 4
656 30 29
657 38 2
658 39 0
659 39 1
660 42 29
661 39 4
662 38 31
663 38 21
664 40 5
665 38 26
666 11 40
667 16 2
668 17 9
669 23 40
670 65 2
671 33 16
672 37 2
673 17 10
674 65 10
675 16 1
676 32 10
677 49 17
678 142 6
679 49 5
680 49 20
681 49 1
682 49 0
683 49 25
684 28 19
685 21 2
686 17 0
687 31 1
688 17 37
689 17 38
690 82 1
691 12 0
692 165 36
693 165 27
694 165 35
695 165 18
696 34 2
697 33 3
698 33 1
699 34 33
700 33 4
701 33 2
702 52 5
703 171 26
704 38 16
705 52 2
706 40 0
707 37 14
708 42 4
709 41 10
710 65 1
711 49 2
712 42 40
713 13 6
714 22 6
715 16 5
716 64 21
717 13 19
718 66 32
719 69 20
720 93 1
721 69 19
722 66 28
723 40 6
724 32 13
725 34 1
726 18 29
727 22 35
728 65 9
729 22 36
730 18 1
731 33 21
732 54 32
733 54 35
734 54 17
735 34 36
736 19 0
737 19 5
738 24 1
739 19 25
740 20 27
741 19 6
742 87 3
743 113 41
744 148 22
745 84 4
746 44 21
747 69 21
748 59 8
749 55 1
750 73 13
751 68 39
752 72 2
753 45 24
754 93 23
755 55 25
756 19 1
757 20 7
758 19 2
759 39 3
760 40 36
761 50 2
762 50 30
763 50 26
764 51 2
765 50 27
766 50 0
767 50 23
768 50 10
769 50 22
770 52 1
771 57 0
772 44 20
773 34 0
774 73 12
775 74 10
776 80 0
777 118 1
778 73 16
779 71 9
780 75 24
781 66 35
782 71 2
783 66 4
784 71 7
785 59 28
786 94 29
787 94 5
788 96 4
789 99 17
790 119 36
791 104 1
792 104 8
793 105 27
794 104 19
795 104 0
796 38 1
797 105 0
798 35 2
799 41 28
800 41 37
801 38 19
802 100 29
803 74 17
804 18 2
805 20 1
806 23 9
807 23 39
808 20 2
809 74 18
810 36 4
811 36 1
812 36 40
813 37 5
814 37 6
815 36 2
816 109 18
817 16 11
818 12 1
819 107 8
820 56 10
821 56 30
822 62 10
823 57 1
824 53 15
825 59 9
826 97 0
827 35 28
828 177 15
829 177 26
830 177 20
831 177 21
832 177 4
833 38 18
834 68 0
835 68 1
836 72 28
837 28 2
838 28 34
839 28 35
840 27 4
841 28 36
842 26 11
843 29 41
844 31 25
845 38 23
846 52 6
847 79 6
848 101 11
849 182 0
850 106 0
851 70 6
852 60 33
853 133 22
854 97 1
855 65 22
856 171 0
857 171 14
858 171 27
859 171 3
860 21 3
861 81 26
862 53 12
863 57 4
864 59 7
865 55 22
866 55 29
867 55 23
868 55 36
869 55 37
870 55 0
871 55 24
872 25 0
873 60 1
874 20 31
875 113 14
876 157 6
877 157 36
878 72 0
879 147 27
880 138 41
881 139 25
882 138 2
883 139 0
884 138 15
885 138 16
886 141 26
887 138 4
888 139 5
889 44 2
890 110 8
891 29 38
892 29 0
893 31 11
894 29 1
895 29 39
896 29 40
897 29 2
898 30 0
899 30 1
900 165 3
901 31 5
902 31 6
903 39 2
904 42 38
905 40 1
906 42 39
907 40 2
908 1 11
909 6 5
910 11 11
911 6 11
912 16 6
913 21 11
914 60 2
915 27 1
916 27 2
917 26 9
918 26 31
919 26 27
920 27 14
921 26 10
922 26 0
923 28 15
924 6 29
925 32 12
926 37 12
927 42 1
928 37 0
929 38 20
930 37 25
931 9 4
932 28 33
933 28 5
934 28 1
935 28 6
936 28 16
937 61 11
938 82 2
939 33 0
940 85 2
941 37 1
942 42 2
943 34 34
944 34 35
945 29 10
946 25 6
947 12 2
948 66 0
949 142 5
950 32 26
951 32 7
952 32 14
953 32 2
954 38 8
955 40 34
956 38 27
957 41 8
958 83 15
959 83 14
960 84 20
961 85 0
962 83 34
963 87 28
964 87 27
965 86 2
966 89 39
967 88 14
968 43 0
969 43 1
970 43 2
971 50 8
972 43 25
973 44 1
974 44 27
975 93 26
976 43 14
977 47 10
978 48 4
979 44 26
980 43 16
981 43 15
982 43 5
983 50 1
984 50 24
985 50 9
986 43 13
987 43 6
988 46 1
989 44 31
990 72 4
991 29 9
992 89 17
993 55 2
994 50 7
995 87 26
996 53 2
997 53 16
998 53 9
999 78 14
1000 53 1
1001 53 28
1002 53 7
1003 53 8
1004 53 0
1005 49 6
1006 32 8
1007 32 0
1008 32 9
1009 32 27
1010 32 30
1011 32 31
1012 86 11
1013 48 12
1014 48 3
1015 47 28
1016 47 7
1017 47 8
1018 47 33
1019 49 21
1020 48 13
1021 57 2
1022 28 24
1023 29 8
1024 24 29
1025 13 23
1026 35 9
1027 25 25
1028 94 0
1029 59 1
1030 56 7
1031 56 0
1032 59 0
1033 59 19
1034 59 20
1035 56 1
1036 56 8
1037 56 2
1038 56 27
1039 52 31
1040 58 13
1041 56 38
1042 56 11
1043 58 1
1044 56 39
1045 56 40
1046 56 9
1047 59 2
1048 88 0
1049 88 5
1050 88 31
1051 93 24
1052 104 9
1053 88 13
1054 88 6
1055 54 3
1056 54 4
1057 54 33
1058 54 18
1059 54 0
1060 75 3
1061 75 36
1062 75 22
1063 75 4
1064 60 34
1065 60 35
1066 58 6
1067 59 21
1068 145 5
1069 145 0
1070 145 25
1071 148 14
1072 145 21
1073 146 11
1074 148 12
1075 38 22
1076 151 11
1077 52 0
1078 60 0
1079 61 25
1080 60 23
1081 60 3
1082 60 24
1083 64 17
1084 64 18
1085 60 4
1086 95 0
1087 108 13
1088 63 0
1089 63 1
1090 63 2
1091 150 3
1092 57 3
1093 89 35
1094 89 0
1095 89 7
1096 99 18
1097 89 34
1098 89 36
1099 89 8
1100 89 9
1101 54 21
1102 88 32
1103 58 14
1104 58 15
1105 58 0
1106 58 5
1107 59 10
1108 58 16
1109 58 31
1110 59 18
1111 60 32
1112 55 5
1113 41 11
1114 32 1
1115 153 27
1116 153 12
1117 153 28
1118 153 26
1119 153 0
1120 153 3
1121 153 1
1122 153 41
1123 154 29
1124 62 27
1125 63 15
1126 62 26
1127 63 16
1128 62 8
1129 62 0
1130 62 30
1131 62 1
1132 66 11
1133 44 8
1134 46 2
1135 44 9
1136 44 10
1137 45 3
1138 44 19
1139 61 1
1140 68 12
1141 59 17
1142 35 0
1143 105 28
1144 104 17
1145 104 18
1146 106 29
1147 106 30
1148 104 7
1149 61 5
1150 61 6
1151 64 19
1152 61 29
1153 64 20
1154 61 36
1155 99 0
1156 95 7
1157 95 34
1158 95 8
1159 95 9
1160 95 35
1161 95 36
1162 83 37
1163 61 0
1164 60 22
1165 83 36
1166 64 0
1167 100 5
1168 100 0
1169 100 1
1170 100 6
1171 101 7
1172 100 21
1173 101 8
1174 159 3
1175 159 12
1176 159 26
1177 99 28
1178 98 8
1179 98 0
1180 98 12
1181 98 9
1182 98 10
1183 98 1
1184 98 2
1185 159 0
1186 159 13
1187 73 0
1188 73 1
1189 73 5
1190 73 2
1191 73 6
1192 74 8
1193 74 9
1194 74 0
1195 74 1
1196 23 21
1197 153 2
1198 154 0
1199 154 30
1200 153 4
1201 48 14
1202 47 34
1203 47 0
1204 47 35
1205 47 1
1206 48 15
1207 47 36
1208 47 9
1209 1 12
1210 6 0
1211 7 1
1212 7 25
1213 112 2
1214 128 16
1215 161 10
1216 133 24
1217 138 38
1218 164 29
1219 14 2
1220 8 15
1221 8 0
1222 9 1
1223 8 18
1224 8 16
1225 8 20
1226 10 2
1227 164 13
1228 7 6
1229 13 18
1230 12 12
1231 33 19
1232 11 7
1233 11 38
1234 23 22
1235 133 14
1236 113 13
1237 170 24
1238 137 10
1239 33 20
1240 16 36
1241 81 2
1242 10 6
1243 10 0
1244 10 5
1245 10 34
1246 23 23
1247 161 9
1248 10 1
1249 25 2
1250 107 10
1251 53 10
1252 38 41
1253 110 7
1254 113 12
1255 110 1
1256 111 26
1257 118 2
1258 113 40
1259 111 11
1260 11 28
1261 58 2
1262 64 5
1263 58 12
1264 56 41
1265 56 26
1266 13 16
1267 165 0
1268 62 9
1269 13 1
1270 25 26
1271 13 5
1272 17 13
1273 17 39
1274 31 2
1275 17 1
1276 17 2
1277 166 37
1278 166 1
1279 166 15
1280 166 10
1281 175 39
1282 120 2
1283 119 35
1284 125 41
1285 14 10
1286 33 24
1287 14 1
1288 14 32
1289 158 9
1290 125 1
1291 67 25
1292 72 32
1293 67 6
1294 67 2
1295 68 2
1296 81 1
1297 158 8
1298 166 0
1299 148 23
1300 65 23
1301 161 15
1302 161 0
1303 161 1
1304 164 25
1305 161 7
1306 63 14
1307 170 2
1308 74 2
1309 41 7
1310 41 0
1311 38 32
1312 38 24
1313 41 1
1314 65 0
1315 15 2
1316 14 7
1317 14 27
1318 24 3
1319 13 2
1320 136 33
1321 44 41
1322 181 35
1323 117 2
1324 22 33
1325 20 8
1326 116 9
1327 26 30
1328 63 3
1329 113 7
1330 13 26
1331 181 0
1332 169 12
1333 169 9
1334 171 1
1335 172 2
1336 173 0
1337 170 33
1338 169 41
1339 35 37
1340 18 23
1341 23 41
1342 167 38
1343 167 1
1344 167 4
1345 161 14
1346 170 23
1347 6 3
1348 173 35
1349 38 7
1350 42 0
1351 45 4
1352 44 32
1353 44 30
1354 118 5
1355 118 6
1356 118 0
1357 125 38
1358 28 21
1359 121 5
1360 119 17
1361 119 8
1362 119 19
1363 143 24
1364 119 0
1365 119 9
1366 121 2
1367 119 34
1368 123 24
1369 123 26
1370 124 19
1371 125 36
1372 122 2
1373 122 10
1374 125 37
1375 170 22
1376 80 1
1377 68 8
1378 70 22
1379 68 9
1380 135 3
1381 171 5
1382 174 3
1383 174 13
1384 174 36
1385 174 4
1386 174 5
1387 174 37
1388 81 27
1389 46 5
1390 21 4
1391 43 12
1392 154 2
1393 154 32
1394 155 0
1395 154 5
1396 154 6
1397 154 31
1398 153 16
1399 155 1
1400 155 2
1401 175 9
1402 175 40
1403 175 2
1404 175 18
1405 175 10
1406 21 1
1407 22 34
1408 20 0
1409 22 12
1410 22 13
1411 20 9
1412 22 14
1413 23 19
1414 19 26
1415 169 7
1416 169 39
1417 169 6
1418 169 1
1419 170 31
1420 170 32
1421 169 21
1422 169 8
1423 169 2
1424 118 24
1425 173 11
1426 124 1
1427 164 34
1428 164 5
1429 164 6
1430 164 33
1431 164 0
1432 48 0
1433 174 0
1434 174 12
1435 170 30
1436 16 33
1437 148 32
1438 167 0
1439 118 12
1440 120 21
1441 119 10
1442 125 39
1443 113 1
1444 166 14
1445 166 28
1446 166 7
1447 166 8
1448 166 9
1449 53 14
1450 148 33
1451 6 4
1452 175 8
1453 160 28
1454 179 27
1455 179 28
1456 179 0
1457 179 32
1458 179 33
1459 179 5
1460 179 34
1461 23 10
1462 28 17
1463 26 1
1464 45 2
1465 44 22
1466 44 23
1467 46 6
1468 125 0
1469 125 2
1470 123 23
1471 123 0
1472 125 34
1473 123 1
1474 123 2
1475 126 1
1476 125 35
1477 124 2
1478 22 5
1479 129 27
1480 129 17
1481 129 3
1482 129 4
1483 129 28
1484 129 0
1485 129 18
1486 129 19
1487 129 1
1488 148 13
1489 121 1
1490 126 3
1491 126 11
1492 172 8
1493 172 0
1494 172 9
1495 172 1
1496 28 18
1497 127 5
1498 130 33
1499 128 13
1500 127 0
1501 127 6
1502 131 34
1503 128 9
1504 128 14
1505 14 8
1506 122 0
1507 122 7
1508 123 22
1509 123 27
1510 122 1
1511 122 8
1512 123 28
1513 122 9
1514 1 0
1515 2 27
1516 2 4
1517 112 1
1518 8 2
1519 9 2
1520 8 19
1521 8 1
1522 8 10
1523 8 24
1524 8 21
1525 8 31
1526 12 14
1527 9 3
1528 13 21
1529 13 15
1530 14 0
1531 18 16
1532 18 0
1533 33 17
1534 31 0
1535 18 4
1536 22 1
1537 11 39
1538 9 0
1539 23 28
1540 23 2
1541 10 35
1542 107 2
1543 10 33
1544 10 36
1545 23 24
1546 23 18
1547 27 13
1548 35 8
1549 35 10
1550 17 28
1551 17 7
1552 17 8
1553 82 0
1554 42 3
1555 30 3
1556 29 28
1557 29 37
1558 29 7
1559 48 2
1560 93 0
1561 84 18
1562 135 4
1563 84 19
1564 85 6
1565 86 8
1566 86 9
1567 85 1
1568 83 13
1569 22 0
1570 18 17
1571 18 3
1572 138 37
1573 138 12
1574 138 36
1575 138 13
1576 142 2
1577 35 1
1578 144 39
1579 147 4
1580 144 0
1581 144 17
1582 144 3
1583 144 1
1584 144 4
1585 144 18
1586 144 38
1587 145 6
1588 46 11
1589 45 0
1590 49 19
1591 46 0
1592 97 2
1593 98 15
1594 98 16
1595 94 30
1596 98 22
1597 96 0
1598 98 23
1599 96 1
1600 96 2
1601 33 15
1602 49 18
1603 49 29
1604 41 2
1605 40 33
1606 38 15
1607 41 9
1608 38 0
1609 103 5
1610 149 18
1611 149 19
1612 149 34
1613 149 7
1614 149 9
1615 149 2
1616 149 17
1617 149 0
1618 149 1
1619 148 16
1620 105 21
1621 100 30
1622 102 2
1623 121 11
1624 124 20
1625 125 21
1626 103 15
1627 101 39
1628 21 0
1629 150 21
1630 13 22
1631 14 9
1632 18 19
1633 17 40
1634 18 20
1635 24 4
1636 18 21
1637 17 41
1638 23 1
1639 24 0
1640 143 2
1641 16 0
1642 17 14
1643 17 12
1644 143 1
1645 143 7
1646 143 9
1647 144 2
1648 148 5
1649 45 1
1650 109 1
1651 109 6
1652 113 34
1653 112 6
1654 108 15
1655 113 35
1656 109 20
1657 108 2
1658 108 12
1659 144 19
1660 47 2
1661 152 8
1662 152 37
1663 152 0
1664 152 38
1665 152 39
1666 152 7
1667 152 9
1668 153 13
1669 107 35
1670 144 20
1671 54 1
1672 55 6
1673 64 6
1674 54 19
1675 54 20
1676 54 2
1677 54 34
1678 149 8
1679 28 22
1680 110 9
1681 113 0
1682 113 22
1683 38 30
1684 38 9
1685 40 35
1686 38 10
1687 38 17
1688 106 1
1689 106 5
1690 108 16
1691 134 10
1692 108 22
1693 146 7
1694 146 8
1695 146 9
1696 146 10
1697 150 4
1698 44 0
1699 44 7
1700 44 17
1701 44 18
1702 147 26
1703 147 3
1704 28 20
1705 129 20
1706 113 8
1707 130 21
1708 113 38
1709 113 9
1710 131 11
1711 133 15
1712 109 0
1713 23 37
1714 23 16
1715 23 38
1716 23 7
1717 23 15
1718 23 17
1719 153 14
1720 150 20
1721 153 15
1722 155 9
1723 148 15
1724 103 1
1725 103 2
1726 103 23
1727 103 24
1728 104 20
1729 113 37
1730 23 20
1731 113 39
1732 113 10
1733 116 7
1734 131 41
1735 116 8
1736 155 7
1737 158 11
1738 154 33
1739 156 1
1740 155 10
1741 157 25
1742 156 3
1743 153 22
1744 157 35
1745 156 4
1746 157 5
1747 156 2
1748 36 3
1749 36 0
1750 36 11
1751 37 13
1752 36 29
1753 36 38
1754 36 39
1755 72 1
1756 67 5
1757 68 15
1758 68 16
1759 67 0
1760 67 29
1761 67 36
1762 67 1
1763 68 37
1764 155 8
1765 107 40
1766 89 10
1767 143 15
1768 143 16
1769 144 40
1770 143 10
1771 48 16
1772 153 23
1773 152 10
1774 151 35
1775 151 5
1776 151 6
1777 151 36
1778 97 5
1779 154 1
1780 18 18
1781 32 32
1782 51 11
1783 51 0
1784 51 3
1785 51 1
1786 53 13
1787 51 4
1788 155 34
1789 156 0
1790 125 9
1791 125 10
1792 131 38
1793 120 4
1794 119 1
1795 121 6
1796 131 36
1797 119 2
1798 120 0
1799 131 37
1800 120 1
1801 123 4
1802 152 1
1803 152 40
1804 137 0
1805 139 20
1806 137 1
1807 137 2
1808 137 34
1809 140 0
1810 140 21
1811 137 35
