// The next line is the dfg name
random6_4type_invdelay
// The next lines are FU parameters given as:
// <FU type>  <resource constraint>  <# of FUs used>  <FU delay>
ADD 7 7 1
MUL 7 7 3
DIV 8 8 5
SQRT 8 8 6
actual latency 156
0 1 0
1 2 0
2 3 8
3 6 5
4 102 8
5 12 3
6 6 6
7 49 9
8 6 2
9 137 0
10 6 19
11 6 3
12 57 1
13 7 7
14 41 1
15 58 9
16 35 16
17 43 1
18 57 2
19 41 27
20 7 3
21 9 6
22 7 2
23 46 2
24 40 9
25 39 15
26 59 15
27 11 25
28 31 10
29 46 3
30 8 23
31 40 10
32 56 3
33 9 24
34 10 7
35 31 4
36 56 4
37 46 11
38 58 10
39 56 5
40 8 6
41 10 10
42 56 6
43 57 3
44 10 12
45 58 11
46 51 17
47 42 28
48 11 21
49 58 12
50 9 3
51 18 8
52 20 3
53 41 19
54 21 18
55 57 4
56 57 5
57 14 23
58 57 6
59 13 4
60 58 1
61 55 0
62 36 18
63 31 13
64 13 0
65 39 6
66 58 13
67 58 2
68 41 4
69 58 3
70 16 4
71 12 6
72 11 17
73 58 4
74 58 5
75 58 6
76 61 9
77 59 1
78 14 1
79 54 0
80 59 2
81 41 20
82 42 29
83 59 3
84 25 10
85 16 14
86 59 4
87 61 10
88 59 5
89 61 11
90 43 13
91 59 6
92 61 12
93 60 1
94 43 22
95 60 2
96 51 18
97 44 23
98 60 3
99 42 0
100 60 4
101 60 5
102 52 0
103 61 13
104 60 6
105 29 15
106 45 24
107 18 4
108 34 7
109 61 1
110 64 9
111 47 25
112 61 2
113 61 3
114 64 10
115 51 19
116 61 4
117 13 3
118 37 7
119 61 5
120 16 20
121 24 5
122 61 6
123 25 6
124 64 11
125 62 1
126 51 0
127 64 12
128 64 13
129 53 0
130 67 9
131 62 2
132 62 3
133 62 4
134 50 0
135 20 4
136 23 1
137 51 20
138 16 11
139 22 10
140 20 5
141 25 3
142 62 5
143 47 26
144 29 5
145 51 21
146 18 5
147 62 6
148 47 27
149 63 1
150 56 17
151 67 10
152 39 1
153 63 2
154 48 28
155 21 4
156 67 11
157 48 29
158 63 3
159 63 4
160 63 5
161 49 22
162 50 23
163 56 18
164 51 24
165 53 25
166 38 3
167 63 6
168 64 1
169 64 2
170 56 19
171 56 20
172 21 6
173 64 3
174 67 12
175 64 4
176 64 5
177 64 6
178 56 21
179 60 16
180 65 1
181 67 13
182 65 2
183 29 2
184 65 3
185 65 4
186 48 0
187 65 5
188 47 0
189 28 1
190 65 6
191 66 1
192 70 9
193 70 10
194 66 2
195 70 11
196 61 14
197 70 12
198 66 3
199 61 17
200 14 4
201 66 4
202 70 13
203 66 5
204 29 27
205 49 0
206 66 6
207 67 1
208 73 9
209 73 10
210 53 26
211 53 27
212 67 2
213 25 11
214 67 3
215 67 4
216 61 18
217 67 5
218 54 28
219 67 6
220 68 1
221 68 2
222 68 3
223 68 4
224 28 13
225 73 11
226 73 12
227 45 5
228 68 5
229 68 6
230 69 1
231 69 2
232 15 4
233 61 19
234 61 20
235 69 3
236 69 4
237 54 29
238 34 13
239 69 5
240 69 6
241 35 1
242 55 22
243 73 13
244 70 1
245 70 2
246 70 3
247 61 21
248 56 23
249 76 9
250 70 4
251 64 15
252 57 24
253 70 5
254 65 16
255 70 6
256 71 1
257 59 25
258 71 2
259 71 3
260 71 4
261 45 6
262 71 5
263 71 6
264 59 26
265 59 27
266 76 10
267 72 1
268 66 14
269 76 11
270 72 2
271 66 17
272 72 3
273 72 4
274 76 12
275 60 28
276 72 5
277 72 6
278 66 18
279 73 1
280 73 2
281 73 3
282 73 4
283 73 5
284 73 6
285 66 19
286 76 13
287 60 29
288 66 20
289 74 1
290 74 2
291 74 3
292 74 4
293 74 5
294 74 6
295 79 9
296 75 1
297 61 22
298 79 10
299 79 11
300 62 23
301 75 2
302 1 22
303 9 15
304 14 0
305 15 8
306 75 3
307 41 17
308 15 3
309 44 15
310 16 10
311 15 24
312 15 0
313 41 0
314 22 4
315 63 24
316 31 22
317 18 0
318 21 0
319 75 4
320 26 1
321 75 5
322 39 0
323 16 21
324 16 0
325 20 23
326 26 3
327 26 4
328 19 0
329 19 2
330 75 6
331 19 22
332 24 15
333 76 1
334 46 0
335 19 7
336 30 6
337 20 0
338 76 2
339 79 12
340 25 1
341 26 0
342 79 13
343 22 0
344 76 3
345 22 7
346 26 21
347 19 6
348 34 4
349 76 4
350 76 5
351 40 7
352 65 25
353 24 6
354 32 23
355 23 0
356 24 8
357 34 3
358 24 29
359 46 9
360 30 28
361 76 6
362 66 21
363 45 16
364 21 8
365 24 1
366 56 0
367 82 9
368 77 1
369 65 26
370 46 14
371 24 0
372 24 28
373 46 20
374 69 15
375 26 17
376 82 10
377 26 6
378 55 6
379 28 7
380 65 27
381 82 11
382 82 12
383 25 0
384 25 4
385 55 5
386 55 4
387 25 22
388 70 16
389 77 2
390 71 14
391 77 3
392 55 3
393 26 14
394 77 4
395 77 5
396 27 8
397 82 13
398 77 6
399 66 28
400 78 1
401 66 29
402 25 2
403 85 9
404 78 2
405 33 4
406 30 16
407 71 17
408 85 10
409 28 11
410 78 3
411 67 22
412 71 18
413 78 4
414 21 1
415 31 21
416 71 19
417 27 6
418 78 5
419 31 19
420 78 6
421 27 1
422 27 24
423 79 1
424 85 11
425 79 2
426 28 12
427 28 0
428 28 3
429 85 12
430 79 3
431 31 17
432 79 4
433 79 5
434 40 3
435 85 13
436 71 20
437 16 2
438 79 6
439 71 21
440 38 5
441 28 4
442 80 1
443 88 9
444 38 6
445 88 10
446 74 15
447 88 11
448 80 2
449 80 3
450 33 24
451 75 16
452 80 4
453 88 12
454 80 5
455 76 14
456 40 4
457 80 6
458 81 1
459 30 8
460 88 13
461 91 9
462 55 2
463 31 20
464 91 10
465 91 11
466 23 2
467 30 0
468 35 0
469 68 23
470 81 2
471 81 3
472 69 24
473 81 4
474 31 18
475 81 5
476 81 6
477 31 0
478 82 1
479 91 12
480 37 9
481 82 2
482 91 13
483 36 0
484 94 9
485 82 3
486 82 4
487 94 10
488 82 5
489 94 11
490 76 17
491 32 1
492 31 14
493 82 6
494 83 1
495 76 18
496 71 25
497 94 12
498 83 2
499 83 3
500 94 13
501 83 4
502 83 5
503 71 26
504 97 9
505 83 6
506 76 19
507 76 20
508 84 1
509 97 10
510 84 2
511 84 3
512 71 27
513 30 4
514 40 5
515 43 12
516 44 5
517 37 0
518 84 4
519 84 5
520 84 6
521 97 11
522 72 28
523 34 2
524 97 12
525 55 1
526 72 29
527 85 1
528 85 2
529 97 13
530 76 21
531 85 3
532 79 15
533 73 22
534 100 9
535 85 4
536 80 16
537 85 5
538 100 10
539 85 6
540 86 1
541 86 2
542 86 3
543 86 4
544 86 5
545 81 14
546 86 6
547 87 1
548 74 23
549 87 2
550 100 11
551 87 3
552 87 4
553 100 12
554 42 2
555 87 5
556 87 6
557 100 13
558 54 6
559 88 1
560 88 2
561 88 3
562 103 7
563 88 4
564 88 5
565 103 9
566 103 10
567 88 6
568 81 17
569 89 1
570 89 2
571 89 3
572 89 4
573 81 18
574 89 5
575 89 6
576 36 8
577 81 19
578 75 24
579 90 1
580 103 11
581 103 12
582 90 2
583 90 3
584 103 13
585 90 4
586 105 8
587 90 5
588 106 7
589 77 25
590 81 20
591 81 21
592 90 6
593 91 1
594 77 26
595 91 2
596 91 3
597 77 27
598 106 9
599 78 28
600 78 29
601 91 4
602 91 5
603 91 6
604 106 10
605 79 22
606 92 1
607 1 14
608 6 8
609 16 6
610 6 1
611 6 28
612 7 9
613 10 5
614 7 0
615 11 20
616 44 6
617 11 18
618 45 8
619 106 11
620 7 5
621 106 12
622 18 6
623 34 9
624 80 23
625 54 5
626 92 2
627 28 5
628 8 1
629 13 11
630 8 0
631 54 4
632 35 25
633 9 0
634 92 3
635 12 1
636 12 0
637 81 24
638 12 2
639 16 19
640 92 4
641 12 29
642 12 4
643 33 1
644 10 0
645 92 5
646 92 6
647 42 3
648 37 12
649 42 4
650 93 1
651 106 13
652 54 3
653 93 2
654 38 0
655 14 6
656 11 26
657 93 3
658 93 4
659 93 5
660 83 25
661 93 6
662 46 19
663 94 1
664 94 2
665 36 28
666 41 14
667 9 5
668 94 3
669 84 15
670 10 4
671 42 5
672 33 5
673 94 4
674 33 6
675 16 3
676 42 6
677 11 4
678 34 5
679 94 5
680 54 2
681 45 1
682 94 6
683 40 16
684 108 8
685 17 5
686 95 1
687 34 6
688 85 16
689 83 26
690 17 6
691 95 2
692 83 27
693 15 16
694 13 22
695 95 3
696 21 3
697 95 4
698 54 1
699 37 22
700 95 5
701 95 6
702 43 2
703 26 19
704 109 7
705 53 6
706 96 1
707 109 9
708 17 3
709 53 5
710 17 0
711 17 2
712 86 14
713 53 4
714 37 6
715 96 2
716 109 10
717 53 3
718 46 18
719 109 11
720 18 1
721 40 11
722 18 28
723 96 3
724 48 8
725 96 4
726 16 18
727 109 12
728 31 3
729 109 13
730 96 5
731 13 13
732 49 7
733 26 20
734 13 9
735 86 17
736 96 6
737 53 2
738 53 1
739 38 23
740 84 28
741 97 1
742 52 6
743 84 29
744 34 10
745 97 2
746 97 3
747 97 4
748 97 5
749 97 6
750 98 1
751 86 18
752 24 3
753 19 13
754 98 2
755 111 8
756 98 3
757 98 4
758 98 5
759 98 6
760 85 22
761 99 1
762 86 23
763 46 17
764 99 2
765 21 14
766 99 3
767 51 8
768 25 5
769 52 7
770 43 3
771 99 4
772 99 5
773 99 6
774 112 7
775 100 1
776 31 2
777 11 2
778 100 2
779 45 2
780 100 3
781 112 9
782 100 4
783 52 5
784 37 5
785 39 24
786 36 14
787 52 4
788 100 5
789 19 10
790 13 7
791 100 6
792 101 1
793 22 11
794 40 12
795 52 3
796 101 2
797 101 3
798 23 4
799 86 19
800 112 10
801 101 4
802 54 8
803 55 7
804 101 5
805 101 6
806 16 5
807 86 20
808 102 1
809 112 11
810 102 2
811 102 3
812 87 24
813 102 4
814 102 5
815 102 6
816 112 12
817 55 11
818 52 2
819 52 1
820 103 1
821 89 25
822 43 4
823 103 2
824 103 3
825 103 4
826 103 5
827 89 26
828 55 10
829 86 21
830 112 13
831 114 8
832 103 6
833 104 1
834 104 2
835 104 3
836 89 27
837 22 5
838 90 28
839 89 15
840 20 2
841 90 29
842 55 9
843 91 22
844 90 16
845 104 4
846 23 5
847 104 5
848 115 7
849 104 6
850 105 1
851 105 2
852 92 23
853 34 11
854 105 3
855 115 9
856 105 4
857 115 10
858 93 24
859 105 5
860 105 6
861 95 25
862 115 11
863 106 1
864 106 2
865 115 12
866 115 13
867 117 8
868 95 26
869 91 14
870 106 3
871 118 7
872 106 4
873 106 5
874 91 17
875 106 6
876 107 1
877 91 18
878 107 2
879 91 19
880 118 9
881 55 12
882 107 3
883 107 4
884 58 7
885 57 8
886 91 20
887 107 5
888 107 6
889 108 1
890 108 2
891 91 21
892 108 3
893 108 4
894 108 5
895 95 27
896 118 10
897 108 6
898 109 1
899 109 2
900 109 3
901 109 4
902 109 5
903 109 6
904 96 28
905 110 1
906 94 15
907 110 2
908 1 7
909 4 0
910 5 0
911 4 10
912 6 0
913 7 1
914 11 6
915 8 2
916 8 5
917 15 6
918 96 29
919 10 16
920 118 11
921 8 4
922 110 3
923 10 9
924 4 15
925 16 7
926 52 13
927 19 1
928 110 4
929 19 12
930 21 24
931 12 5
932 41 25
933 110 5
934 9 1
935 110 6
936 60 8
937 25 12
938 20 1
939 111 1
940 13 5
941 35 2
942 13 1
943 16 17
944 95 16
945 10 1
946 41 2
947 35 3
948 111 2
949 11 5
950 11 27
951 51 6
952 111 3
953 111 4
954 111 5
955 97 22
956 21 19
957 17 1
958 21 2
959 61 7
960 22 9
961 51 5
962 34 12
963 46 21
964 26 18
965 29 0
966 98 23
967 118 12
968 111 6
969 112 1
970 112 2
971 14 2
972 17 26
973 112 3
974 29 26
975 96 14
976 112 4
977 24 4
978 43 5
979 41 21
980 27 5
981 64 7
982 45 3
983 112 5
984 63 8
985 35 4
986 112 6
987 113 1
988 27 0
989 99 24
990 35 5
991 19 5
992 46 7
993 35 6
994 113 2
995 101 25
996 43 6
997 30 2
998 15 1
999 36 1
1000 26 2
1001 50 16
1002 51 4
1003 113 3
1004 113 4
1005 18 2
1006 113 5
1007 113 6
1008 114 1
1009 37 13
1010 49 15
1011 101 26
1012 56 1
1013 28 9
1014 40 2
1015 101 27
1016 57 0
1017 58 0
1018 51 14
1019 29 6
1020 114 2
1021 114 3
1022 118 13
1023 114 4
1024 96 17
1025 42 8
1026 40 1
1027 55 16
1028 51 3
1029 33 2
1030 59 0
1031 114 5
1032 44 1
1033 114 6
1034 120 8
1035 60 0
1036 115 1
1037 115 2
1038 54 15
1039 19 15
1040 16 1
1041 102 28
1042 52 12
1043 115 3
1044 66 8
1045 102 29
1046 37 3
1047 39 2
1048 61 0
1049 115 4
1050 103 22
1051 31 7
1052 51 2
1053 67 7
1054 115 5
1055 62 0
1056 115 6
1057 104 23
1058 121 7
1059 116 1
1060 116 2
1061 56 14
1062 70 7
1063 63 0
1064 105 24
1065 96 18
1066 116 3
1067 69 8
1068 116 4
1069 64 0
1070 36 21
1071 13 12
1072 116 5
1073 121 9
1074 116 6
1075 121 10
1076 72 8
1077 51 1
1078 117 1
1079 73 7
1080 65 0
1081 117 2
1082 121 11
1083 117 3
1084 76 7
1085 66 0
1086 117 4
1087 117 5
1088 117 6
1089 67 0
1090 118 1
1091 17 4
1092 118 2
1093 107 25
1094 68 0
1095 118 3
1096 29 4
1097 26 23
1098 107 26
1099 118 4
1100 118 5
1101 75 8
1102 96 19
1103 121 12
1104 69 0
1105 118 6
1106 119 1
1107 24 2
1108 121 13
1109 107 27
1110 78 8
1111 96 20
1112 70 0
1113 119 2
1114 119 3
1115 29 25
1116 79 7
1117 96 21
1118 36 20
1119 119 4
1120 71 0
1121 119 5
1122 108 28
1123 99 15
1124 123 8
1125 119 6
1126 39 8
1127 82 7
1128 72 0
1129 120 1
1130 100 16
1131 120 2
1132 81 8
1133 120 3
1134 32 0
1135 73 0
1136 120 4
1137 120 5
1138 124 7
1139 31 1
1140 44 2
1141 52 11
1142 74 0
1143 101 14
1144 120 6
1145 124 9
1146 108 29
1147 101 17
1148 121 1
1149 121 2
1150 75 0
1151 84 8
1152 101 18
1153 121 3
1154 101 19
1155 44 3
1156 121 4
1157 85 7
1158 76 0
1159 121 5
1160 109 22
1161 101 20
1162 101 21
1163 121 6
1164 124 10
1165 110 23
1166 122 1
1167 77 0
1168 122 2
1169 122 3
1170 78 0
1171 122 4
1172 88 7
1173 122 5
1174 122 6
1175 79 0
1176 87 8
1177 104 15
1178 123 1
1179 123 2
1180 124 11
1181 80 0
1182 123 3
1183 123 4
1184 123 5
1185 81 0
1186 124 12
1187 123 6
1188 124 1
1189 82 0
1190 124 2
1191 124 3
1192 124 4
1193 90 8
1194 83 0
1195 124 5
1196 91 7
1197 124 6
1198 84 0
1199 111 24
1200 125 1
1201 124 13
1202 105 16
1203 125 2
1204 106 14
1205 125 3
1206 94 7
1207 106 17
1208 85 0
1209 1 2
1210 2 1
1211 3 0
1212 3 24
1213 3 1
1214 4 12
1215 4 2
1216 4 11
1217 43 9
1218 7 10
1219 50 6
1220 4 5
1221 4 6
1222 4 3
1223 4 1
1224 4 13
1225 4 7
1226 4 4
1227 10 11
1228 3 2
1229 52 10
1230 37 10
1231 7 12
1232 45 4
1233 5 25
1234 125 4
1235 93 8
1236 4 9
1237 10 6
1238 27 3
1239 5 3
1240 5 16
1241 5 1
1242 5 4
1243 125 5
1244 36 2
1245 5 26
1246 126 8
1247 5 6
1248 27 4
1249 40 0
1250 6 4
1251 5 2
1252 6 17
1253 50 5
1254 7 11
1255 86 0
1256 7 22
1257 7 4
1258 106 18
1259 7 13
1260 5 27
1261 125 6
1262 14 5
1263 50 4
1264 6 20
1265 6 14
1266 52 9
1267 5 5
1268 20 6
1269 126 1
1270 113 25
1271 37 4
1272 126 2
1273 106 19
1274 36 3
1275 87 0
1276 126 3
1277 6 21
1278 31 6
1279 126 4
1280 7 6
1281 17 27
1282 50 3
1283 11 14
1284 113 26
1285 88 0
1286 11 3
1287 126 5
1288 6 18
1289 29 1
1290 126 6
1291 41 26
1292 106 20
1293 127 1
1294 89 0
1295 127 2
1296 36 4
1297 19 4
1298 127 3
1299 16 12
1300 127 7
1301 36 5
1302 90 0
1303 127 4
1304 30 29
1305 127 5
1306 25 9
1307 50 2
1308 127 6
1309 50 1
1310 91 0
1311 36 19
1312 96 8
1313 128 1
1314 128 2
1315 49 6
1316 92 0
1317 23 27
1318 49 5
1319 128 3
1320 97 7
1321 21 21
1322 106 21
1323 13 2
1324 109 15
1325 128 4
1326 23 3
1327 49 13
1328 128 5
1329 93 0
1330 6 29
1331 128 6
1332 49 12
1333 129 1
1334 38 4
1335 36 6
1336 15 5
1337 127 9
1338 23 26
1339 110 16
1340 100 7
1341 111 14
1342 111 17
1343 94 0
1344 129 2
1345 30 1
1346 99 8
1347 2 2
1348 111 18
1349 40 6
1350 45 0
1351 129 3
1352 113 27
1353 36 29
1354 129 4
1355 95 0
1356 14 3
1357 114 28
1358 129 5
1359 129 6
1360 49 4
1361 96 0
1362 130 1
1363 34 1
1364 130 2
1365 130 3
1366 15 2
1367 35 27
1368 127 10
1369 21 20
1370 97 0
1371 111 19
1372 130 4
1373 130 5
1374 111 20
1375 98 0
1376 31 5
1377 130 6
1378 127 11
1379 131 1
1380 34 0
1381 131 2
1382 99 0
1383 37 11
1384 114 29
1385 131 3
1386 131 4
1387 111 21
1388 114 15
1389 100 0
1390 131 5
1391 49 3
1392 131 6
1393 115 22
1394 132 1
1395 101 0
1396 132 2
1397 33 8
1398 132 3
1399 102 0
1400 132 4
1401 132 5
1402 115 16
1403 132 6
1404 127 12
1405 103 0
1406 49 2
1407 116 23
1408 133 1
1409 133 2
1410 104 0
1411 133 3
1412 133 4
1413 133 5
1414 41 18
1415 105 0
1416 35 26
1417 49 1
1418 133 6
1419 116 14
1420 116 17
1421 48 6
1422 134 1
1423 106 0
1424 134 2
1425 127 13
1426 134 3
1427 18 29
1428 134 4
1429 107 0
1430 117 24
1431 134 5
1432 134 6
1433 108 0
1434 135 1
1435 116 18
1436 119 25
1437 116 19
1438 135 2
1439 21 5
1440 135 3
1441 109 0
1442 119 26
1443 135 4
1444 129 8
1445 119 27
1446 135 5
1447 110 0
1448 135 6
1449 136 1
1450 120 28
1451 2 3
1452 136 2
1453 116 20
1454 116 21
1455 119 15
1456 111 0
1457 120 16
1458 121 14
1459 136 3
1460 121 17
1461 42 1
1462 130 7
1463 136 4
1464 112 0
1465 136 5
1466 130 9
1467 136 6
1468 137 1
1469 44 4
1470 130 10
1471 113 0
1472 120 29
1473 137 2
1474 137 3
1475 28 2
1476 121 22
1477 114 0
1478 137 4
1479 130 11
1480 130 12
1481 137 5
1482 137 6
1483 122 23
1484 115 0
1485 138 0
1486 138 1
1487 116 0
1488 130 13
1489 32 2
1490 138 2
1491 132 8
1492 138 3
1493 138 4
1494 117 0
1495 138 5
1496 138 6
1497 118 0
1498 121 18
1499 133 7
1500 139 0
1501 139 1
1502 123 24
1503 139 2
1504 133 9
1505 119 0
1506 139 3
1507 139 4
1508 133 10
1509 121 19
1510 120 0
1511 139 5
1512 121 20
1513 139 6
1514 1 1
1515 2 23
1516 2 4
1517 18 3
1518 8 3
1519 9 4
1520 9 8
1521 48 5
1522 13 6
1523 44 0
1524 10 13
1525 21 17
1526 9 2
1527 140 0
1528 12 8
1529 31 9
1530 121 0
1531 16 9
1532 140 1
1533 29 3
1534 33 0
1535 140 2
1536 43 0
1537 34 15
1538 122 0
1539 19 9
1540 48 4
1541 125 25
1542 10 3
1543 11 19
1544 121 21
1545 133 11
1546 133 12
1547 140 3
1548 41 6
1549 48 3
1550 20 16
1551 140 4
1552 140 5
1553 10 2
1554 30 3
1555 22 2
1556 25 16
1557 125 26
1558 123 0
1559 22 1
1560 11 1
1561 140 6
1562 11 0
1563 133 13
1564 141 0
1565 124 0
1566 48 2
1567 30 5
1568 49 11
1569 38 1
1570 135 8
1571 48 1
1572 49 10
1573 27 2
1574 12 28
1575 13 10
1576 37 1
1577 37 2
1578 125 27
1579 38 2
1580 141 1
1581 26 5
1582 141 2
1583 141 3
1584 125 0
1585 19 11
1586 124 15
1587 141 4
1588 43 10
1589 141 5
1590 136 7
1591 41 5
1592 47 6
1593 126 0
1594 141 6
1595 14 15
1596 136 9
1597 142 0
1598 136 10
1599 142 1
1600 127 0
1601 25 13
1602 25 7
1603 136 11
1604 47 5
1605 126 28
1606 136 12
1607 41 3
1608 142 2
1609 142 3
1610 136 13
1611 138 8
1612 125 16
1613 47 4
1614 22 3
1615 39 5
1616 46 13
1617 128 0
1618 142 4
1619 28 10
1620 139 7
1621 23 25
1622 19 3
1623 142 5
1624 139 9
1625 139 10
1626 22 13
1627 22 12
1628 142 6
1629 46 12
1630 43 11
1631 129 0
1632 143 0
1633 126 29
1634 139 11
1635 47 3
1636 139 12
1637 126 14
1638 143 1
1639 39 4
1640 39 3
1641 130 0
1642 139 13
1643 16 13
1644 143 2
1645 47 2
1646 143 3
1647 32 6
1648 22 6
1649 143 4
1650 47 1
1651 131 0
1652 126 17
1653 143 5
1654 43 7
1655 126 18
1656 141 8
1657 143 6
1658 46 6
1659 132 0
1660 144 0
1661 144 1
1662 36 17
1663 144 2
1664 126 19
1665 127 22
1666 46 5
1667 133 0
1668 144 3
1669 128 23
1670 142 7
1671 144 4
1672 134 0
1673 28 6
1674 144 5
1675 144 6
1676 145 0
1677 129 24
1678 32 5
1679 135 0
1680 145 1
1681 145 2
1682 142 9
1683 40 13
1684 136 0
1685 126 20
1686 145 3
1687 145 4
1688 145 5
1689 145 6
1690 142 10
1691 32 4
1692 142 11
1693 146 0
1694 146 1
1695 146 2
1696 146 3
1697 32 3
1698 146 4
1699 146 5
1700 142 12
1701 146 6
1702 126 21
1703 147 0
1704 142 13
1705 144 8
1706 147 1
1707 145 7
1708 17 25
1709 147 2
1710 147 3
1711 145 9
1712 147 4
1713 145 10
1714 145 11
1715 131 25
1716 147 5
1717 46 10
1718 145 12
1719 147 6
1720 46 4
1721 145 13
1722 148 0
1723 31 12
1724 148 1
1725 23 6
1726 147 8
1727 148 2
1728 148 3
1729 148 7
1730 148 9
1731 31 11
1732 148 4
1733 148 5
1734 129 15
1735 148 6
1736 149 0
1737 148 10
1738 130 16
1739 149 1
1740 149 2
1741 131 26
1742 149 3
1743 148 11
1744 148 12
1745 149 4
1746 149 5
1747 149 6
1748 150 0
1749 150 1
1750 148 13
1751 150 8
1752 151 7
1753 131 14
1754 151 9
1755 46 1
1756 150 2
1757 151 10
1758 150 3
1759 150 4
1760 151 11
1761 131 27
1762 150 5
1763 132 28
1764 150 6
1765 132 29
1766 151 0
1767 151 12
1768 151 1
1769 131 17
1770 151 2
1771 151 13
1772 153 8
1773 33 3
1774 131 18
1775 151 3
1776 151 4
1777 131 19
1778 151 5
1779 151 6
1780 154 7
1781 131 20
1782 154 9
1783 152 0
1784 152 1
1785 152 2
1786 152 3
1787 152 4
1788 131 21
1789 152 5
1790 152 6
1791 153 0
1792 134 15
1793 153 1
1794 153 2
1795 153 3
1796 133 22
1797 153 4
1798 153 5
1799 134 23
1800 153 6
1801 154 0
1802 154 1
1803 135 16
1804 154 2
1805 154 10
1806 154 3
1807 154 4
1808 136 14
1809 56 2
1810 55 13
1811 136 17
