// The next line is the dfg name
random1_4type_invdelay
// The next lines are FU parameters given as:
// <FU type>  <resource constraint>  <# of FUs used>  <FU delay>
ADD 2 2 1
MUL 2 2 3
DIV 2 2 5
SQRT 2 2 6
actual latency 184
0 1 1
1 2 0
2 3 0
3 4 0
4 4 1
5 5 1
6 6 7
7 66 0
8 5 0
9 6 3
10 53 0
11 9 0
12 15 4
13 11 5
14 114 0
15 16 1
16 67 1
17 41 1
18 6 1
19 6 0
20 68 1
21 5 4
22 70 1
23 21 3
24 52 0
25 20 0
26 70 2
27 65 0
28 47 0
29 7 2
30 7 1
31 60 4
32 48 7
33 71 1
34 61 5
35 11 0
36 50 6
37 72 1
38 19 1
39 17 1
40 73 1
41 20 6
42 74 1
43 37 0
44 62 0
45 54 7
46 38 6
47 75 1
48 55 4
49 76 1
50 77 1
51 78 1
52 60 0
53 79 1
54 18 3
55 23 0
56 22 2
57 44 6
58 72 3
59 69 3
60 25 1
61 80 1
62 40 2
63 24 0
64 24 1
65 56 6
66 81 1
67 65 4
68 14 6
69 60 7
70 58 0
71 10 1
72 82 1
73 11 1
74 83 1
75 84 1
76 85 1
77 62 6
78 55 2
79 86 1
80 30 7
81 73 2
82 87 1
83 26 5
84 34 0
85 88 1
86 89 1
87 32 6
88 75 3
89 90 1
90 26 0
91 66 5
92 91 1
93 76 2
94 92 1
95 93 1
96 43 0
97 42 3
98 42 1
99 25 4
100 78 3
101 94 1
102 50 1
103 79 2
104 95 1
105 96 1
106 12 1
107 70 4
108 97 1
109 98 1
110 81 3
111 82 2
112 99 1
113 55 0
114 46 1
115 52 1
116 45 4
117 100 1
118 84 3
119 85 2
120 87 3
121 26 1
122 46 5
123 21 0
124 88 2
125 66 7
126 71 5
127 101 1
128 30 0
129 48 3
130 75 4
131 90 3
132 91 2
133 39 1
134 44 1
135 102 1
136 93 3
137 103 1
138 104 1
139 68 6
140 105 1
141 106 1
142 94 2
143 37 1
144 107 1
145 72 7
146 108 1
147 96 3
148 13 1
149 24 7
150 109 1
151 74 6
152 76 5
153 80 4
154 49 1
155 78 7
156 97 2
157 99 3
158 110 1
159 111 1
160 112 1
161 81 5
162 80 6
163 113 1
164 114 1
165 115 0
166 100 2
167 102 3
168 115 1
169 116 0
170 31 5
171 103 2
172 84 7
173 56 0
174 116 1
175 117 0
176 117 1
177 118 0
178 118 1
179 119 0
180 119 1
181 120 0
182 85 4
183 120 1
184 86 5
185 121 0
186 86 6
187 105 3
188 121 1
189 106 2
190 90 7
191 122 0
192 122 1
193 123 0
194 108 3
195 123 1
196 50 4
197 124 0
198 124 1
199 125 0
200 125 1
201 126 0
202 1 2
203 4 2
204 7 0
205 8 1
206 9 3
207 12 7
208 12 0
209 90 4
210 34 2
211 18 0
212 22 1
213 18 1
214 126 1
215 21 1
216 36 3
217 91 5
218 127 0
219 48 1
220 37 2
221 19 0
222 127 1
223 39 0
224 32 1
225 8 0
226 128 0
227 67 2
228 128 1
229 129 0
230 30 3
231 92 6
232 33 0
233 95 4
234 129 1
235 54 1
236 12 3
237 109 2
238 10 0
239 13 2
240 9 1
241 10 2
242 57 0
243 130 0
244 13 0
245 96 7
246 130 1
247 98 6
248 35 1
249 54 0
250 131 0
251 59 0
252 131 1
253 20 1
254 61 0
255 132 0
256 96 5
257 102 7
258 132 1
259 16 5
260 133 0
261 111 3
262 63 0
263 133 1
264 112 2
265 114 3
266 15 1
267 134 0
268 134 1
269 115 2
270 51 5
271 135 0
272 117 3
273 31 2
274 100 4
275 21 5
276 101 5
277 118 2
278 14 1
279 28 2
280 135 1
281 14 0
282 136 0
283 120 3
284 18 7
285 136 1
286 38 1
287 137 0
288 137 1
289 40 0
290 64 0
291 60 3
292 51 1
293 104 6
294 66 3
295 40 1
296 138 0
297 138 1
298 139 0
299 121 2
300 139 1
301 43 1
302 140 0
303 140 1
304 108 7
305 141 0
306 47 1
307 141 1
308 110 6
309 58 2
310 105 4
311 123 3
312 49 2
313 142 0
314 114 7
315 58 1
316 59 1
317 142 1
318 143 0
319 41 0
320 48 0
321 143 1
322 116 6
323 35 0
324 144 0
325 144 1
326 44 0
327 145 0
328 106 5
329 145 1
330 110 4
331 120 7
332 73 0
333 64 1
334 72 0
335 124 2
336 67 0
337 68 0
338 111 5
339 115 4
340 122 6
341 126 7
342 70 0
343 69 1
344 69 0
345 126 3
346 71 0
347 74 0
348 46 2
349 75 0
350 66 1
351 76 0
352 116 5
353 127 2
354 128 6
355 132 7
356 77 0
357 129 3
358 78 0
359 79 0
360 134 6
361 138 7
362 80 0
363 120 4
364 81 0
365 82 0
366 83 0
367 84 0
368 85 0
369 86 0
370 87 0
371 88 0
372 89 0
373 130 2
374 90 0
375 91 0
376 121 5
377 132 3
378 92 0
379 93 0
380 94 0
381 140 6
382 95 0
383 96 0
384 133 2
385 97 0
386 135 3
387 98 0
388 136 2
389 99 0
390 125 4
391 126 5
392 138 3
393 45 3
394 100 0
395 101 0
396 102 0
397 139 2
398 130 4
399 144 7
400 103 0
401 1 0
402 2 6
403 2 1
404 10 4
405 15 0
406 146 6
407 104 0
408 23 1
409 16 2
410 16 0
411 105 0
412 17 0
413 57 3
414 40 4
415 20 4
416 27 3
417 41 5
418 19 2
419 141 3
420 49 0
421 142 2
422 64 2
423 25 0
424 3 3
425 106 0
426 25 2
427 43 2
428 65 1
429 22 0
430 131 5
431 107 0
432 24 3
433 50 0
434 27 0
435 63 1
436 108 0
437 109 0
438 36 5
439 144 3
440 31 1
441 62 1
442 27 1
443 15 3
444 8 6
445 35 4
446 63 3
447 110 0
448 150 7
449 111 0
450 145 2
451 112 0
452 113 0
453 146 0
454 51 0
455 146 1
456 147 0
457 28 1
458 135 4
459 26 6
460 147 1
461 147 3
462 152 6
463 54 3
464 36 1
465 28 0
466 148 0
467 148 1
468 29 1
469 42 7
470 31 0
471 148 2
472 156 7
473 150 3
474 151 2
475 153 3
476 29 0
477 158 6
478 34 1
479 149 0
480 154 2
481 149 1
482 33 1
483 156 3
484 61 1
485 56 5
486 162 7
487 164 6
488 53 1
489 32 0
490 157 2
491 136 5
492 60 1
493 140 4
494 150 0
495 168 7
496 36 7
497 150 1
498 38 0
499 151 0
500 52 2
501 141 5
502 145 4
503 57 1
504 30 1
505 46 0
506 33 3
507 151 1
508 152 0
509 39 3
510 152 1
511 153 0
512 146 5
513 61 2
514 153 1
515 154 0
516 154 1
517 42 0
518 159 3
519 155 0
520 160 2
521 155 1
522 156 0
523 156 1
524 157 0
525 170 6
526 157 1
527 158 0
528 158 1
529 159 0
530 36 0
531 45 1
532 162 3
533 174 7
534 159 1
535 160 0
536 163 2
537 160 1
538 161 0
539 161 1
540 45 0
541 150 4
542 51 3
543 56 1
544 162 0
545 151 5
546 162 1
547 163 0
548 163 1
549 155 4
550 55 1
551 156 5
552 164 0
553 30 4
554 160 4
555 164 1
556 165 0
557 165 1
558 166 0
559 161 5
560 166 1
561 165 4
562 167 0
563 165 3
564 166 5
565 167 1
566 168 0
567 168 1
568 169 0
569 169 1
570 170 0
571 170 1
572 170 4
573 166 2
574 171 5
575 171 0
576 168 3
577 175 4
578 176 5
579 171 1
580 172 0
581 169 2
582 172 1
583 173 0
584 176 6
585 173 1
586 174 0
587 174 1
588 175 0
589 175 1
590 176 0
591 6 5
592 171 3
593 172 2
594 176 1
595 177 0
596 177 1
597 174 3
598 175 2
599 177 3
600 180 4
