add 1
mul 1
div 1
add 1
mul 2
div 3
DFG name: interpolate_aux_dfg__12
Actual Latency 74
0 1 1
1 3 1
2 1 0
3 5 0
4 6 0
5 7 0
6 5 1
7 7 1
8 2 0
9 9 0
10 10 0
11 11 0
12 9 1
13 11 1
14 3 0
15 13 0
16 14 0
17 15 0
18 16 0
19 17 1
20 19 0
21 13 1
22 15 1
23 4 0
24 17 0
25 18 0
26 20 0
27 19 1
28 21 1
29 8 0
30 23 0
31 24 0
32 25 0
33 23 1
34 25 1
35 12 0
36 27 0
37 28 0
38 29 0
39 27 1
40 29 1
41 21 0
42 31 0
43 32 0
44 33 0
45 34 0
46 35 1
47 37 0
48 31 1
49 33 1
50 22 0
51 35 0
52 36 0
53 38 0
54 37 1
55 39 1
56 26 0
57 41 0
58 42 0
59 43 0
60 41 1
61 43 1
62 30 0
63 45 0
64 46 0
65 47 0
66 45 1
67 47 1
68 39 0
69 49 0
70 50 0
71 51 0
72 52 0
73 53 1
74 55 0
75 49 1
76 51 1
77 40 0
78 53 0
79 54 0
80 56 0
81 55 1
82 57 1
83 44 0
84 59 0
85 60 0
86 61 0
87 59 1
88 61 1
89 48 0
90 63 0
91 64 0
92 65 0
93 63 1
94 65 1
95 57 0
96 67 0
97 68 0
98 69 0
99 70 0
100 71 1
101 73 0
102 67 1
103 69 1
104 58 0
105 71 0
106 72 0
107 74 0
