// The next line is the dfg name
random6_4type_invdelay
// The next lines are FU parameters given as:
// <FU type>  <resource constraint>  <# of FUs used>  <FU delay>
ADD 19 19 1
MUL 19 19 3
DIV 20 20 5
SQRT 20 20 6
actual latency 65
0 1 0
1 2 0
2 3 20
3 6 5
4 6 36
5 6 10
6 6 7
7 58 26
8 6 2
9 6 15
10 6 43
11 6 3
12 61 11
13 7 19
14 7 12
15 56 32
16 56 45
17 11 17
18 56 17
19 7 72
20 7 3
21 7 14
22 7 2
23 58 12
24 8 34
25 7 51
26 7 52
27 11 62
28 7 23
29 57 18
30 8 59
31 8 33
32 55 16
33 8 75
34 8 28
35 8 13
36 55 4
37 61 19
38 50 30
39 58 4
40 8 6
41 8 29
42 55 5
43 55 6
44 7 22
45 56 33
46 7 53
47 7 73
48 7 50
49 56 34
50 9 3
51 17 27
52 17 7
53 17 56
54 17 48
55 39 7
56 38 8
57 14 59
58 50 7
59 11 4
60 50 8
61 46 18
62 11 46
63 11 30
64 11 2
65 11 18
66 56 27
67 55 7
68 10 10
69 52 8
70 10 7
71 10 3
72 10 40
73 52 9
74 52 10
75 52 11
76 50 34
77 47 14
78 12 2
79 20 7
80 35 13
81 22 51
82 20 77
83 35 10
84 20 29
85 15 40
86 16 16
87 43 26
88 27 6
89 14 34
90 14 30
91 43 16
92 47 34
93 43 17
94 14 76
95 54 8
96 52 55
97 54 65
98 54 9
99 56 7
100 54 11
101 53 18
102 9 13
103 46 19
104 40 15
105 16 43
106 42 66
107 15 3
108 15 36
109 42 3
110 46 23
111 42 67
112 51 17
113 51 18
114 54 36
115 52 50
116 51 11
117 11 3
118 11 31
119 51 10
120 11 41
121 11 10
122 51 9
123 11 11
124 51 35
125 51 8
126 49 10
127 52 24
128 52 25
129 58 10
130 52 26
131 51 7
132 51 6
133 51 5
134 46 16
135 11 13
136 16 4
137 37 56
138 12 35
139 20 27
140 15 4
141 23 3
142 35 5
143 37 73
144 18 6
145 36 45
146 11 7
147 51 4
148 50 59
149 51 3
150 51 45
151 53 31
152 13 15
153 61 7
154 12 69
155 12 9
156 51 36
157 48 64
158 48 1
159 51 2
160 64 0
161 48 65
162 48 66
163 12 54
164 48 67
165 48 68
166 16 9
167 40 5
168 40 4
169 40 1
170 41 45
171 41 46
172 16 3
173 40 0
174 47 27
175 44 14
176 44 15
177 45 1
178 46 44
179 46 45
180 45 4
181 48 20
182 43 0
183 17 8
184 38 1
185 38 2
186 17 13
187 37 18
188 17 14
189 13 7
190 46 14
191 45 11
192 13 25
193 51 37
194 59 3
195 49 19
196 46 46
197 49 21
198 18 16
199 12 55
200 12 8
201 49 9
202 50 28
203 48 2
204 12 67
205 13 16
206 49 8
207 49 7
208 57 20
209 41 28
210 37 71
211 37 72
212 36 15
213 20 30
214 36 14
215 36 13
216 39 39
217 36 12
218 19 71
219 19 17
220 19 16
221 19 15
222 28 18
223 32 7
224 24 36
225 35 28
226 34 26
227 28 16
228 31 18
229 31 17
230 46 13
231 46 12
232 13 6
233 22 52
234 22 57
235 33 18
236 34 4
237 32 75
238 14 29
239 45 2
240 45 3
241 14 12
242 14 77
243 48 37
244 52 18
245 53 14
246 53 15
247 42 51
248 27 60
249 48 36
250 50 0
251 27 56
252 25 74
253 23 10
254 27 57
255 23 11
256 44 17
257 44 59
258 44 16
259 42 17
260 44 3
261 40 12
262 44 0
263 43 14
264 44 75
265 53 61
266 41 31
267 37 15
268 17 53
269 41 30
270 37 14
271 17 54
272 17 17
273 37 13
274 52 21
275 48 69
276 49 6
277 47 5
278 12 56
279 37 12
280 31 9
281 18 9
282 34 7
283 34 8
284 34 9
285 35 40
286 38 29
287 32 77
288 32 57
289 49 5
290 59 8
291 41 16
292 41 15
293 41 14
294 41 12
295 40 26
296 18 10
297 18 67
298 40 25
299 40 24
300 18 68
301 18 11
302 1 58
303 7 47
304 12 0
305 12 20
306 46 11
307 47 50
308 13 3
309 55 40
310 13 19
311 13 58
312 13 0
313 13 12
314 15 7
315 42 65
316 42 64
317 15 0
318 19 1
319 48 0
320 14 16
321 42 16
322 15 15
323 16 42
324 14 0
325 17 62
326 16 6
327 16 5
328 16 0
329 16 1
330 39 13
331 17 61
332 20 40
333 37 10
334 52 0
335 16 19
336 25 2
337 17 0
338 53 0
339 17 34
340 23 0
341 23 1
342 35 32
343 19 0
344 19 9
345 19 19
346 21 42
347 7 8
348 17 9
349 26 14
350 26 5
351 26 27
352 38 76
353 8 15
354 20 59
355 20 0
356 20 28
357 9 8
358 23 62
359 22 24
360 24 69
361 21 18
362 22 55
363 36 42
364 18 20
365 21 2
366 21 10
367 38 28
368 21 15
369 32 76
370 21 45
371 21 0
372 21 60
373 21 46
374 32 53
375 25 40
376 34 23
377 24 4
378 28 17
379 24 20
380 30 66
381 30 37
382 22 26
383 22 0
384 22 2
385 22 9
386 22 8
387 23 61
388 22 49
389 22 15
390 22 48
391 23 14
392 23 6
393 24 39
394 23 8
395 23 9
396 23 27
397 34 24
398 23 15
399 31 70
400 22 16
401 31 74
402 22 1
403 27 36
404 23 16
405 16 8
406 31 41
407 32 52
408 34 25
409 23 28
410 23 18
411 30 69
412 32 51
413 32 0
414 18 3
415 16 45
416 27 49
417 24 5
418 32 5
419 26 38
420 32 9
421 24 0
422 24 64
423 31 5
424 32 27
425 27 9
426 25 21
427 25 0
428 25 3
429 32 29
430 27 8
431 30 40
432 33 17
433 32 10
434 42 15
435 14 33
436 47 49
437 14 3
438 43 9
439 17 55
440 22 6
441 22 3
442 32 16
443 23 34
444 23 5
445 23 33
446 32 50
447 23 32
448 32 12
449 31 16
450 24 65
451 32 49
452 53 1
453 54 37
454 53 12
455 52 51
456 21 7
457 32 15
458 42 12
459 15 20
460 44 29
461 46 22
462 16 12
463 16 44
464 45 35
465 45 37
466 15 8
467 26 0
468 26 3
469 19 73
470 26 6
471 30 15
472 30 64
473 30 14
474 31 38
475 30 13
476 30 12
477 30 0
478 30 16
479 30 35
480 27 20
481 39 11
482 35 27
483 35 0
484 37 21
485 26 13
486 35 1
487 32 34
488 26 12
489 43 19
490 37 48
491 29 0
492 29 39
493 29 17
494 29 16
495 26 41
496 26 76
497 26 30
498 26 11
499 26 10
500 26 29
501 26 9
502 26 8
503 26 75
504 37 19
505 31 8
506 31 45
507 26 43
508 26 17
509 26 32
510 26 18
511 26 16
512 26 77
513 26 1
514 26 4
515 26 28
516 36 1
517 36 0
518 36 4
519 36 3
520 36 2
521 27 37
522 30 65
523 27 1
524 28 26
525 27 2
526 49 58
527 27 3
528 28 5
529 28 25
530 31 46
531 28 6
532 32 48
533 29 62
534 28 24
535 28 7
536 31 43
537 29 3
538 29 28
539 29 2
540 29 14
541 29 13
542 29 12
543 29 11
544 60 0
545 37 47
546 37 6
547 37 5
548 31 58
549 31 1
550 31 21
551 31 0
552 41 0
553 30 20
554 30 1
555 30 10
556 30 9
557 17 33
558 37 4
559 30 8
560 43 6
561 43 5
562 48 35
563 43 3
564 43 1
565 47 33
566 29 34
567 31 14
568 27 48
569 30 2
570 30 6
571 30 7
572 30 3
573 31 42
574 30 4
575 30 5
576 34 19
577 34 39
578 35 61
579 34 0
580 34 21
581 31 19
582 26 7
583 38 0
584 36 36
585 36 6
586 36 35
587 36 5
588 36 20
589 36 64
590 36 41
591 36 38
592 37 0
593 37 1
594 37 70
595 37 2
596 37 3
597 37 58
598 46 21
599 36 65
600 25 73
601 27 10
602 27 17
603 27 18
604 32 33
605 25 71
606 28 9
607 1 38
608 6 20
609 6 12
610 6 0
611 6 64
612 6 35
613 9 6
614 7 0
615 7 49
616 53 16
617 7 48
618 58 24
619 57 37
620 7 5
621 58 19
622 9 7
623 13 22
624 8 76
625 9 18
626 55 9
627 8 18
628 8 0
629 8 31
630 8 1
631 10 18
632 55 72
633 9 0
634 49 4
635 12 4
636 12 1
637 49 71
638 12 5
639 12 49
640 49 3
641 12 65
642 12 7
643 9 15
644 10 0
645 53 11
646 53 10
647 10 11
648 10 19
649 10 13
650 53 9
651 55 19
652 10 16
653 55 10
654 11 15
655 11 6
656 11 61
657 53 8
658 53 7
659 53 6
660 53 62
661 53 5
662 57 47
663 52 2
664 53 4
665 55 71
666 57 48
667 8 8
668 54 15
669 52 56
670 9 5
671 9 12
672 9 9
673 54 16
674 12 15
675 13 4
676 12 18
677 10 4
678 10 8
679 52 1
680 10 14
681 10 12
682 53 3
683 49 39
684 53 32
685 14 8
686 44 18
687 14 11
688 46 38
689 45 60
690 14 4
691 54 17
692 47 63
693 14 39
694 13 70
695 46 10
696 12 10
697 48 15
698 46 15
699 51 60
700 48 14
701 48 13
702 12 17
703 21 44
704 50 27
705 47 2
706 57 0
707 42 20
708 17 5
709 17 11
710 17 2
711 17 4
712 52 52
713 61 9
714 58 7
715 62 3
716 54 20
717 57 15
718 37 54
719 41 27
720 18 1
721 19 25
722 18 64
723 52 15
724 13 23
725 46 9
726 16 41
727 49 25
728 13 9
729 49 24
730 46 8
731 13 21
732 53 33
733 11 44
734 11 29
735 42 57
736 36 18
737 17 10
738 17 15
739 19 74
740 38 59
741 37 11
742 16 11
743 43 58
744 15 35
745 42 6
746 62 2
747 38 17
748 50 14
749 50 13
750 50 12
751 17 57
752 24 1
753 18 36
754 38 16
755 49 23
756 61 3
757 61 4
758 61 5
759 38 11
760 41 63
761 36 10
762 18 69
763 37 53
764 36 11
765 21 41
766 21 17
767 22 22
768 21 3
769 22 23
770 21 8
771 42 2
772 18 18
773 47 1
774 25 25
775 25 17
776 25 1
777 10 5
778 51 14
779 57 14
780 51 15
781 10 22
782 52 13
783 10 15
784 10 9
785 36 69
786 21 43
787 19 5
788 19 10
789 19 22
790 11 33
791 32 14
792 22 18
793 22 19
794 22 21
795 22 12
796 18 17
797 23 7
798 13 8
799 45 40
800 45 20
801 40 18
802 59 27
803 53 34
804 45 16
805 45 15
806 13 5
807 47 52
808 45 14
809 62 20
810 44 13
811 44 12
812 14 75
813 44 10
814 44 9
815 44 8
816 26 31
817 55 26
818 57 17
819 58 13
820 32 2
821 30 67
822 26 15
823 32 11
824 48 11
825 58 5
826 42 0
827 19 72
828 31 22
829 27 55
830 35 30
831 35 29
832 32 8
833 50 6
834 44 7
835 44 6
836 47 62
837 14 6
838 47 61
839 47 48
840 14 5
841 44 77
842 14 31
843 43 74
844 47 47
845 54 0
846 15 5
847 56 0
848 33 35
849 34 1
850 62 0
851 50 5
852 31 71
853 25 19
854 35 4
855 31 26
856 19 11
857 39 36
858 19 58
859 19 13
860 58 2
861 26 59
862 37 23
863 38 18
864 16 14
865 16 26
866 43 22
867 43 23
868 41 61
869 42 47
870 39 8
871 43 24
872 31 10
873 56 1
874 41 38
875 59 1
876 18 14
877 40 40
878 42 1
879 47 56
880 28 23
881 28 22
882 28 1
883 28 2
884 28 21
885 28 19
886 31 44
887 28 3
888 28 4
889 61 2
890 59 2
891 44 39
892 41 2
893 41 1
894 42 5
895 43 72
896 46 25
897 42 4
898 42 14
899 42 13
900 58 3
901 37 16
902 17 18
903 50 4
904 49 73
905 50 3
906 51 43
907 51 1
908 1 19
909 4 0
910 5 0
911 4 22
912 6 1
913 7 1
914 8 10
915 8 2
916 8 5
917 8 16
918 8 77
919 9 39
920 56 28
921 8 4
922 55 15
923 9 20
924 4 39
925 14 27
926 42 36
927 17 1
928 39 9
929 17 29
930 17 63
931 5 8
932 55 74
933 55 0
934 9 1
935 55 1
936 9 37
937 9 35
938 18 0
939 48 10
940 12 6
941 12 16
942 12 3
943 12 48
944 47 57
945 10 1
946 9 11
947 58 9
948 45 0
949 11 5
950 11 63
951 47 3
952 50 16
953 50 2
954 37 17
955 38 75
956 17 47
957 17 3
958 19 2
959 41 29
960 19 21
961 19 7
962 19 23
963 47 55
964 16 46
965 13 11
966 13 74
967 13 24
968 45 8
969 46 7
970 45 12
971 13 2
972 13 71
973 45 18
974 13 72
975 37 57
976 35 16
977 20 5
978 20 6
979 36 43
980 20 4
981 39 37
982 20 10
983 19 12
984 40 21
985 23 4
986 32 18
987 33 3
988 23 2
989 31 72
990 12 13
991 9 10
992 59 28
993 21 4
994 61 0
995 36 67
996 15 14
997 14 7
998 14 2
999 14 18
1000 14 14
1001 46 43
1002 40 14
1003 43 2
1004 44 5
1005 18 2
1006 52 6
1007 52 4
1008 52 3
1009 10 21
1010 52 53
1011 53 63
1012 36 8
1013 24 35
1014 24 9
1015 30 68
1016 31 12
1017 31 13
1018 27 54
1019 24 6
1020 31 15
1021 41 3
1022 55 21
1023 53 2
1024 7 54
1025 7 25
1026 7 15
1027 7 55
1028 62 1
1029 19 3
1030 34 18
1031 34 5
1032 22 7
1033 34 6
1034 38 27
1035 34 2
1036 34 10
1037 34 3
1038 22 53
1039 19 39
1040 15 2
1041 43 71
1042 44 28
1043 41 9
1044 46 24
1045 43 70
1046 15 11
1047 15 12
1048 35 15
1049 35 18
1050 36 68
1051 20 31
1052 35 14
1053 40 19
1054 35 17
1055 28 11
1056 28 12
1057 25 72
1058 32 30
1059 28 13
1060 46 0
1061 47 54
1062 49 22
1063 45 9
1064 42 69
1065 42 55
1066 41 17
1067 44 34
1068 48 9
1069 48 8
1070 12 50
1071 12 37
1072 48 7
1073 51 20
1074 47 17
1075 54 35
1076 39 35
1077 19 6
1078 16 17
1079 43 21
1080 16 18
1081 39 12
1082 16 24
1083 39 14
1084 42 37
1085 39 15
1086 63 0
1087 36 7
1088 38 6
1089 16 13
1090 39 16
1091 16 2
1092 41 18
1093 36 66
1094 34 16
1095 34 17
1096 22 4
1097 23 63
1098 35 63
1099 35 3
1100 35 2
1101 44 31
1102 37 52
1103 32 31
1104 28 14
1105 28 15
1106 24 18
1107 24 2
1108 32 32
1109 24 67
1110 24 37
1111 26 45
1112 20 15
1113 38 5
1114 45 13
1115 18 66
1116 42 35
1117 17 51
1118 17 49
1119 38 4
1120 38 3
1121 37 8
1122 37 74
1123 17 50
1124 26 33
1125 25 16
1126 25 22
1127 26 34
1128 25 15
1129 25 14
1130 26 42
1131 25 13
1132 33 20
1133 33 11
1134 22 5
1135 33 10
1136 22 14
1137 22 13
1138 35 33
1139 27 0
1140 28 0
1141 16 23
1142 48 6
1143 32 56
1144 33 9
1145 35 31
1146 32 59
1147 32 55
1148 32 13
1149 35 6
1150 35 7
1151 20 33
1152 36 46
1153 35 8
1154 37 49
1155 29 1
1156 31 6
1157 29 29
1158 31 7
1159 29 18
1160 29 63
1161 32 47
1162 27 53
1163 47 0
1164 36 37
1165 29 61
1166 19 8
1167 30 17
1168 30 18
1169 31 3
1170 31 4
1171 31 2
1172 30 36
1173 30 11
1174 32 3
1175 31 11
1176 33 37
1177 32 54
1178 33 8
1179 33 7
1180 35 34
1181 33 6
1182 33 5
1183 33 4
1184 33 2
1185 33 1
1186 37 22
1187 29 4
1188 29 5
1189 29 6
1190 29 7
1191 29 8
1192 29 9
1193 29 27
1194 29 10
1195 29 15
1196 5 31
1197 42 7
1198 42 8
1199 42 68
1200 42 9
1201 23 31
1202 27 52
1203 23 12
1204 27 51
1205 23 17
1206 23 30
1207 27 50
1208 32 4
1209 1 2
1210 2 1
1211 3 0
1212 3 60
1213 3 1
1214 4 24
1215 4 2
1216 4 23
1217 7 26
1218 5 27
1219 58 11
1220 4 5
1221 4 6
1222 4 3
1223 4 1
1224 4 26
1225 4 19
1226 4 4
1227 5 29
1228 3 2
1229 5 33
1230 5 30
1231 5 28
1232 5 14
1233 5 62
1234 5 10
1235 58 21
1236 4 21
1237 8 9
1238 7 9
1239 5 4
1240 5 40
1241 5 1
1242 5 5
1243 5 11
1244 5 9
1245 5 61
1246 5 32
1247 5 6
1248 5 7
1249 8 17
1250 6 4
1251 5 2
1252 6 41
1253 7 17
1254 7 21
1255 56 10
1256 7 58
1257 7 4
1258 7 56
1259 7 24
1260 5 63
1261 6 16
1262 6 8
1263 6 14
1264 6 44
1265 6 38
1266 5 34
1267 5 3
1268 11 8
1269 56 11
1270 6 67
1271 5 13
1272 49 11
1273 51 44
1274 11 12
1275 50 10
1276 49 13
1277 6 45
1278 6 11
1279 6 17
1280 6 6
1281 9 60
1282 9 17
1283 11 38
1284 54 68
1285 6 18
1286 6 9
1287 57 10
1288 6 42
1289 6 13
1290 45 17
1291 7 74
1292 7 57
1293 56 9
1294 56 12
1295 56 13
1296 7 11
1297 7 7
1298 55 3
1299 16 21
1300 52 23
1301 7 16
1302 56 14
1303 56 15
1304 6 69
1305 56 16
1306 11 28
1307 45 5
1308 45 6
1309 58 6
1310 56 4
1311 52 54
1312 56 29
1313 56 3
1314 47 7
1315 58 15
1316 56 18
1317 7 71
1318 7 18
1319 57 4
1320 4 25
1321 56 46
1322 42 54
1323 13 1
1324 51 46
1325 49 18
1326 12 12
1327 58 23
1328 57 5
1329 57 6
1330 6 65
1331 59 6
1332 58 25
1333 57 7
1334 7 13
1335 7 10
1336 7 6
1337 58 22
1338 7 70
1339 12 53
1340 6 37
1341 6 46
1342 56 44
1343 57 8
1344 57 9
1345 8 14
1346 56 30
1347 2 2
1348 56 38
1349 9 14
1350 55 2
1351 50 11
1352 49 74
1353 55 70
1354 44 4
1355 44 11
1356 14 1
1357 44 76
1358 56 5
1359 54 14
1360 15 18
1361 40 16
1362 42 10
1363 15 10
1364 41 11
1365 42 11
1366 15 1
1367 15 60
1368 44 27
1369 16 38
1370 39 18
1371 42 49
1372 40 9
1373 40 3
1374 42 48
1375 47 15
1376 14 13
1377 44 2
1378 14 32
1379 44 1
1380 14 10
1381 46 6
1382 56 2
1383 8 32
1384 54 69
1385 56 6
1386 55 18
1387 56 41
1388 42 53
1389 61 8
1390 55 14
1391 58 8
1392 38 7
1393 39 60
1394 40 10
1395 40 8
1396 40 7
1397 19 24
1398 39 0
1399 39 1
1400 40 6
1401 46 5
1402 47 53
1403 46 4
1404 49 26
1405 46 3
1406 13 18
1407 12 68
1408 47 16
1409 49 1
1410 49 2
1411 48 3
1412 48 4
1413 48 5
1414 52 49
1415 55 13
1416 55 73
1417 9 16
1418 55 12
1419 56 42
1420 56 43
1421 58 16
1422 55 11
1423 55 8
1424 43 18
1425 56 31
1426 40 11
1427 6 66
1428 57 11
1429 57 12
1430 6 68
1431 57 13
1432 59 5
1433 61 10
1434 59 4
1435 42 52
1436 50 75
1437 41 41
1438 50 15
1439 10 6
1440 52 5
1441 51 16
1442 54 64
1443 55 17
1444 55 22
1445 54 66
1446 54 13
1447 54 12
1448 54 10
1449 61 1
1450 55 58
1451 2 3
1452 61 6
1453 61 38
1454 52 47
1455 52 48
1456 51 12
1457 51 41
1458 51 38
1459 51 0
1460 51 42
1461 13 13
1462 47 31
1463 43 15
1464 57 1
1465 57 2
1466 57 36
1467 57 3
1468 40 2
1469 11 16
1470 53 30
1471 51 13
1472 50 76
1473 50 18
1474 50 17
1475 11 9
1476 50 77
1477 49 12
1478 46 2
1479 38 33
1480 37 25
1481 21 11
1482 34 15
1483 35 62
1484 34 14
1485 34 13
1486 34 12
1487 34 11
1488 10 26
1489 13 10
1490 47 6
1491 50 29
1492 54 7
1493 54 6
1494 54 5
1495 53 17
1496 59 7
1497 48 12
1498 12 52
1499 50 31
1500 48 16
1501 48 17
1502 49 70
1503 48 18
1504 52 19
1505 5 12
1506 43 13
1507 43 12
1508 47 30
1509 46 42
1510 43 11
1511 43 10
1512 46 41
1513 42 18
1514 1 1
1515 2 59
1516 2 4
1517 8 11
1518 8 3
1519 8 7
1520 8 27
1521 10 17
1522 8 12
1523 56 8
1524 8 30
1525 11 45
1526 9 2
1527 54 4
1528 11 27
1529 11 32
1530 50 1
1531 14 28
1532 43 8
1533 14 15
1534 14 9
1535 43 7
1536 15 16
1537 12 51
1538 54 3
1539 17 28
1540 17 12
1541 54 67
1542 9 4
1543 11 42
1544 52 57
1545 55 23
1546 57 35
1547 19 18
1548 17 16
1549 57 16
1550 11 43
1551 53 13
1552 52 7
1553 10 2
1554 20 3
1555 20 2
1556 21 38
1557 20 76
1558 35 9
1559 20 1
1560 11 1
1561 49 17
1562 11 0
1563 53 29
1564 49 16
1565 49 15
1566 58 14
1567 11 14
1568 55 25
1569 14 17
1570 47 29
1571 40 13
1572 52 22
1573 12 11
1574 12 64
1575 12 36
1576 12 14
1577 26 2
1578 13 73
1579 18 7
1580 36 16
1581 18 5
1582 36 17
1583 19 14
1584 36 9
1585 18 35
1586 37 55
1587 18 8
1588 21 36
1589 21 13
1590 38 32
1591 21 6
1592 13 17
1593 47 8
1594 47 9
1595 12 47
1596 50 33
1597 47 10
1598 50 32
1599 47 11
1600 47 12
1601 21 35
1602 21 20
1603 38 31
1604 24 10
1605 24 68
1606 31 23
1607 24 8
1608 24 17
1609 45 10
1610 38 30
1611 37 26
1612 22 54
1613 21 9
1614 21 1
1615 21 5
1616 21 37
1617 21 12
1618 21 14
1619 17 30
1620 41 34
1621 18 65
1622 17 6
1623 37 9
1624 41 33
1625 41 32
1626 17 32
1627 17 31
1628 41 13
1629 19 26
1630 11 34
1631 49 14
1632 50 9
1633 49 72
1634 53 28
1635 46 17
1636 53 27
1637 50 40
1638 40 17
1639 15 13
1640 13 14
1641 43 4
1642 47 28
1643 16 22
1644 41 10
1645 15 17
1646 41 8
1647 15 9
1648 15 6
1649 21 16
1650 20 9
1651 20 12
1652 37 50
1653 20 11
1654 20 32
1655 37 51
1656 39 20
1657 20 13
1658 20 8
1659 58 0
1660 32 17
1661 22 17
1662 22 47
1663 33 12
1664 22 50
1665 31 73
1666 22 11
1667 33 13
1668 33 14
1669 33 60
1670 45 36
1671 27 16
1672 27 15
1673 24 3
1674 27 14
1675 27 7
1676 27 12
1677 24 66
1678 19 4
1679 47 13
1680 25 12
1681 27 11
1682 23 29
1683 15 37
1684 41 7
1685 42 50
1686 41 6
1687 41 5
1688 32 6
1689 32 1
1690 34 22
1691 24 7
1692 33 36
1693 38 15
1694 16 15
1695 38 14
1696 38 13
1697 16 10
1698 25 11
1699 25 10
1700 25 26
1701 25 9
1702 41 44
1703 38 12
1704 43 25
1705 10 25
1706 52 12
1707 10 24
1708 12 66
1709 52 14
1710 52 16
1711 10 23
1712 52 17
1713 44 33
1714 44 32
1715 43 73
1716 41 4
1717 46 26
1718 44 30
1719 33 16
1720 22 10
1721 37 24
1722 33 15
1723 18 37
1724 18 15
1725 18 4
1726 40 23
1727 18 13
1728 18 12
1729 40 22
1730 55 24
1731 9 36
1732 54 2
1733 54 1
1734 54 39
1735 54 18
1736 49 0
1737 27 35
1738 22 56
1739 20 14
1740 20 16
1741 20 75
1742 20 17
1743 38 34
1744 20 34
1745 20 18
1746 35 12
1747 35 11
1748 27 5
1749 27 4
1750 29 33
1751 29 32
1752 29 31
1753 27 47
1754 29 30
1755 25 4
1756 25 8
1757 25 24
1758 25 7
1759 25 6
1760 25 23
1761 25 70
1762 25 5
1763 25 58
1764 23 13
1765 19 70
1766 59 0
1767 13 26
1768 46 1
1769 47 51
1770 45 7
1771 22 25
1772 16 25
1773 16 7
1774 41 43
1775 38 10
1776 38 9
1777 41 42
1778 58 1
1779 24 16
1780 47 32
1781 42 56
1782 31 25
1783 24 15
1784 24 11
1785 24 13
1786 24 12
1787 24 14
1788 17 52
1789 37 7
1790 47 18
1791 47 4
1792 12 57
1793 39 6
1794 39 5
1795 39 4
1796 38 77
1797 39 3
1798 39 2
1799 41 62
1800 39 17
1801 39 10
1802 33 0
1803 36 44
1804 27 13
1805 31 24
1806 28 8
1807 28 10
1808 26 46
1809 25 18
1810 32 28
1811 26 44
