// The next line is the dfg name
random4
// The next lines are FU parameters given as:
// <FU type>  <resource constraint>  <# of FUs used>  <FU delay>
ADD 1 1 1
MUL 1 1 2
DIV 1 0 3
actual latency 701
0 1 1
1 3 0
2 4 0
3 5 0
4 6 0
5 7 0
6 5 1
7 8 0
8 7 1
9 9 0
10 9 1
11 10 0
12 11 0
13 12 0
14 13 0
15 14 0
16 14 1
17 16 0
18 17 0
19 16 1
20 18 0
21 15 0
22 19 0
23 20 0
24 21 0
25 22 0
26 23 0
27 24 0
28 25 0
29 26 0
30 27 0
31 22 1
32 28 0
33 24 1
34 29 0
35 18 1
36 30 0
37 31 0
38 20 1
39 26 1
40 32 0
41 33 0
42 34 0
43 35 0
44 28 1
45 36 0
46 37 0
47 38 0
48 39 0
49 30 1
50 40 0
51 32 1
52 41 0
53 34 1
54 42 0
55 42 1
56 43 0
57 44 1
58 44 0
59 46 1
60 36 1
61 45 0
62 46 0
63 47 0
64 48 0
65 49 0
66 50 0
67 51 0
68 48 1
69 52 0
70 53 0
71 54 0
72 55 0
73 56 0
74 57 0
75 38 1
76 58 0
77 40 1
78 59 0
79 60 0
80 61 0
81 50 1
82 62 0
83 63 0
84 64 0
85 52 1
86 65 0
87 66 0
88 67 0
89 68 0
90 69 0
91 70 0
92 71 0
93 54 1
94 72 0
95 56 1
96 73 0
97 74 0
98 75 0
99 58 1
100 60 1
101 62 1
102 76 0
103 77 0
104 78 0
105 79 0
106 64 1
107 80 0
108 81 0
109 66 1
110 82 0
111 83 0
112 84 0
113 85 0
114 86 0
115 87 0
116 88 0
117 89 0
118 90 0
119 91 0
120 92 0
121 90 1
122 93 0
123 94 0
124 82 1
125 95 0
126 96 0
127 97 0
128 98 0
129 99 0
130 100 0
131 101 0
132 102 0
133 103 0
134 104 0
135 105 0
136 106 0
137 107 0
138 74 1
139 76 1
140 108 0
141 109 0
142 102 1
143 110 0
144 104 1
145 78 1
146 111 0
147 80 1
148 84 1
149 112 0
150 113 0
151 86 1
152 114 0
153 115 0
154 116 0
155 117 0
156 68 1
157 118 0
158 119 0
159 120 0
160 121 0
161 122 0
162 88 1
163 123 0
164 124 0
165 92 1
166 125 0
167 94 1
168 126 0
169 96 1
170 127 0
171 128 0
172 98 1
173 129 0
174 130 0
175 131 0
176 132 0
177 133 0
178 134 0
179 135 0
180 136 0
181 106 1
182 70 1
183 137 0
184 138 0
185 139 0
186 140 0
187 141 0
188 122 1
189 142 0
190 124 1
191 143 0
192 126 1
193 144 0
194 128 1
195 145 0
196 146 0
197 147 0
198 148 0
199 149 0
200 108 1
201 150 0
202 151 0
203 152 0
204 116 1
205 153 0
206 72 1
207 100 1
208 154 0
209 155 0
210 156 0
211 157 0
212 110 1
213 158 0
214 159 0
215 160 0
216 161 0
217 112 1
218 162 0
219 163 0
220 114 1
221 164 0
222 165 0
223 166 0
224 167 0
225 118 1
226 168 0
227 169 0
228 170 0
229 171 0
230 172 0
231 173 0
232 174 0
233 175 0
234 176 0
235 177 0
236 178 0
237 179 0
238 180 0
239 181 0
240 182 0
241 183 0
242 184 0
243 185 0
244 186 0
245 187 0
246 188 0
247 189 0
248 190 0
249 191 0
250 192 0
251 193 0
252 194 0
253 120 1
254 195 0
255 175 1
256 196 0
257 197 0
258 198 0
259 199 0
260 197 1
261 200 0
262 201 0
263 195 1
264 202 0
265 199 1
266 203 0
267 204 0
268 205 0
269 206 0
270 148 1
271 207 0
272 208 0
273 209 0
274 210 0
275 211 0
276 212 0
277 172 1
278 213 0
279 214 0
280 130 1
281 132 1
282 215 0
283 216 0
284 217 0
285 142 1
286 218 0
287 219 0
288 220 0
289 221 0
290 134 1
291 222 0
292 223 0
293 224 0
294 136 1
295 225 0
296 11 1
297 226 0
298 227 0
299 201 1
300 228 0
301 229 0
302 203 1
303 230 0
304 205 1
305 207 1
306 1 0
307 2 0
308 231 0
309 3 1
310 232 0
311 233 0
312 234 0
313 235 0
314 236 0
315 235 1
316 237 0
317 238 0
318 239 0
319 237 1
320 240 0
321 239 1
322 241 0
323 241 1
324 242 0
325 243 0
326 244 0
327 243 1
328 245 0
329 245 1
330 246 0
331 247 0
332 247 1
333 248 0
334 249 1
335 249 0
336 250 0
337 251 0
338 252 0
339 253 1
340 251 1
341 253 0
342 255 1
343 254 0
344 255 0
345 257 1
346 256 0
347 257 0
348 258 0
349 259 0
350 260 0
351 261 0
352 261 1
353 262 0
354 263 0
355 264 0
356 265 0
357 266 0
358 267 0
359 268 0
360 269 0
361 270 0
362 271 0
363 272 0
364 273 0
365 267 1
366 274 0
367 275 0
368 265 1
369 276 0
370 277 0
371 278 0
372 279 0
373 280 0
374 281 0
375 282 0
376 283 0
377 284 0
378 285 0
379 285 1
380 286 0
381 287 0
382 288 0
383 289 0
384 290 0
385 291 0
386 292 0
387 293 0
388 294 0
389 271 1
390 287 1
391 295 1
392 295 0
393 296 0
394 297 1
395 299 1
396 301 1
397 297 0
398 298 0
399 289 1
400 299 0
401 300 0
402 301 0
403 277 1
404 302 0
405 279 1
406 281 1
407 303 0
408 304 0
409 305 0
410 306 0
411 307 0
412 308 0
413 309 0
414 310 0
415 311 0
416 312 0
417 313 0
418 314 0
419 315 0
420 316 0
421 317 0
422 318 0
423 319 0
424 320 0
425 321 0
426 322 0
427 323 0
428 324 0
429 325 0
430 303 1
431 305 1
432 326 0
433 327 0
434 328 0
435 329 0
436 330 0
437 259 1
438 263 1
439 331 0
440 332 0
441 333 0
442 334 0
443 335 0
444 336 0
445 337 0
446 338 0
447 331 1
448 339 0
449 340 0
450 341 0
451 342 0
452 343 0
453 344 0
454 345 0
455 346 0
456 347 0
457 283 1
458 348 0
459 349 0
460 350 0
461 291 1
462 293 1
463 351 0
464 352 0
465 353 0
466 354 0
467 355 0
468 356 0
469 357 0
470 358 0
471 359 0
472 360 0
473 361 0
474 362 0
475 363 0
476 364 0
477 319 1
478 365 0
479 366 0
480 367 0
481 368 0
482 369 0
483 370 0
484 269 1
485 371 0
486 372 0
487 373 0
488 374 0
489 375 0
490 353 1
491 376 0
492 377 0
493 378 0
494 379 0
495 345 1
496 347 1
497 380 0
498 349 1
499 381 0
500 382 0
501 383 0
502 384 0
503 385 0
504 386 0
505 387 0
506 275 1
507 388 0
508 307 1
509 389 0
510 390 0
511 391 0
512 309 1
513 392 0
514 393 0
515 394 0
516 365 1
517 395 0
518 396 0
519 367 1
520 397 0
521 398 0
522 399 0
523 400 0
524 401 0
525 402 0
526 311 1
527 403 0
528 404 0
529 405 0
530 406 0
531 407 0
532 408 0
533 409 0
534 410 0
535 411 0
536 273 1
537 412 0
538 413 0
539 414 0
540 415 0
541 416 0
542 417 0
543 418 0
544 419 0
545 420 0
546 421 0
547 422 0
548 382 1
549 423 0
550 424 0
551 425 0
552 426 0
553 427 0
554 428 0
555 313 1
556 429 0
557 430 0
558 351 1
559 355 1
560 431 0
561 432 0
562 433 0
563 434 0
564 435 0
565 315 1
566 317 1
567 436 0
568 384 1
569 437 0
570 438 0
571 439 0
572 321 1
573 323 1
574 440 0
575 441 0
576 442 0
577 443 0
578 444 0
579 445 0
580 446 0
581 447 0
582 448 0
583 449 0
584 450 0
585 451 0
586 452 0
587 340 1
588 453 0
589 386 1
590 454 0
591 455 0
592 444 1
593 456 0
594 457 0
595 325 1
596 458 0
597 459 0
598 446 1
599 460 0
600 461 0
601 327 1
602 462 0
603 463 0
604 464 0
605 465 0
606 466 1
607 468 0
608 469 0
609 470 0
610 471 0
611 468 1
612 472 0
613 473 0
614 470 1
615 474 0
616 475 0
617 476 0
618 477 0
619 478 0
620 472 1
621 479 0
622 480 0
623 481 0
624 482 0
625 482 1
626 483 0
627 474 1
628 484 0
629 476 1
630 478 1
631 485 0
632 486 0
633 487 0
634 488 0
635 489 0
636 490 0
637 491 0
638 492 0
639 480 1
640 484 1
641 493 0
642 486 1
643 494 0
644 495 0
645 496 0
646 497 0
647 488 1
648 490 1
649 498 0
650 499 0
651 492 1
652 500 0
653 501 0
654 502 0
655 503 0
656 504 0
657 494 1
658 505 0
659 506 0
660 507 0
661 508 1
662 508 0
663 509 0
664 510 0
665 511 0
666 498 1
667 512 0
668 500 1
669 513 0
670 514 0
671 515 0
672 516 0
673 517 0
674 518 0
675 519 0
676 496 1
677 520 0
678 521 0
679 522 0
680 523 0
681 524 0
682 525 0
683 516 1
684 526 0
685 527 0
686 528 0
687 529 0
688 530 0
689 531 0
690 532 0
691 533 0
692 534 0
693 535 0
694 536 0
695 537 0
696 538 0
697 539 0
698 540 0
699 522 1
700 541 0
701 524 1
702 526 1
703 528 1
704 542 0
705 543 0
706 530 1
707 544 0
708 532 1
709 545 0
710 546 0
711 547 0
712 534 1
713 536 1
714 538 1
715 548 0
716 549 0
717 550 0
718 551 0
719 552 0
720 502 1
721 504 1
722 553 0
723 554 0
724 555 0
725 556 0
726 557 0
727 558 0
728 557 1
729 559 0
730 559 1
731 560 0
732 561 0
733 562 0
734 563 0
735 564 0
736 565 0
737 566 0
738 567 0
739 568 0
740 561 1
741 569 0
742 570 0
743 571 0
744 572 0
745 573 0
746 574 0
747 569 1
748 575 0
749 549 1
750 576 0
751 577 0
752 578 0
753 579 0
754 580 0
755 564 1
756 581 0
757 582 0
758 583 0
759 584 0
760 585 0
761 586 0
762 587 0
763 588 0
764 589 0
765 590 0
766 591 0
767 592 0
768 593 0
769 594 0
770 506 1
771 595 0
772 596 0
773 597 0
774 591 1
775 598 0
776 551 1
777 599 0
778 600 0
779 601 0
780 602 0
781 603 0
782 604 0
783 571 1
784 605 0
785 606 0
786 582 1
787 607 0
788 608 0
789 609 0
790 610 0
791 611 0
792 612 0
793 613 0
794 614 0
795 615 0
796 616 0
797 617 0
798 618 0
799 619 0
800 620 0
801 510 1
802 621 0
803 622 0
804 623 0
805 624 0
806 625 0
807 626 0
808 614 1
809 627 0
810 628 0
811 629 0
812 630 0
813 512 1
814 514 1
815 631 0
816 632 0
817 518 1
818 633 0
819 585 1
820 634 0
821 635 0
822 636 0
823 637 0
824 633 1
825 638 0
826 639 0
827 640 0
828 616 1
829 641 0
830 642 0
831 643 0
832 644 0
833 645 0
834 646 0
835 647 0
836 642 1
837 648 0
838 618 1
839 540 1
840 649 0
841 520 1
842 650 0
843 651 0
844 652 0
845 653 0
846 654 0
847 655 0
848 656 0
849 601 1
850 603 1
851 657 0
852 658 0
853 659 0
854 660 0
855 661 0
856 662 0
857 542 1
858 663 0
859 664 0
860 638 1
861 665 0
862 666 0
863 667 0
864 620 1
865 668 0
866 669 0
867 622 1
868 670 0
869 671 0
870 672 0
871 612 1
872 673 0
873 674 0
874 624 1
875 675 0
876 676 0
877 677 0
878 678 0
879 679 0
880 680 0
881 681 0
882 682 0
883 683 0
884 684 0
885 685 0
886 686 0
887 687 0
888 651 1
889 688 0
890 653 1
891 689 0
892 690 0
893 691 0
894 692 0
895 544 1
896 693 0
897 694 0
898 695 0
899 546 1
900 696 0
901 697 0
902 698 0
903 699 0
904 700 0
905 701 0
