add 1
mul 1
div 1
add 1
mul 2
div 3
DFG name: random3
Actual Latency 602
0 1 1
1 3 0
2 5 1
3 7 0
4 8 0
5 7 1
6 9 1
7 9 0
8 11 0
9 12 0
10 13 0
11 14 0
12 13 1
13 15 1
14 15 0
15 16 0
16 17 1
17 17 0
18 18 0
19 19 0
20 20 0
21 21 0
22 22 0
23 23 0
24 24 0
25 25 0
26 26 0
27 23 1
28 19 1
29 27 0
30 28 0
31 25 1
32 29 0
33 30 0
34 31 0
35 32 0
36 33 0
37 34 0
38 35 0
39 27 1
40 29 1
41 36 0
42 37 0
43 38 0
44 39 0
45 4 0
46 40 0
47 41 0
48 37 1
49 42 0
50 39 1
51 43 0
52 44 0
53 45 0
54 46 0
55 47 0
56 48 0
57 49 0
58 50 0
59 41 1
60 43 1
61 45 1
62 51 0
63 52 0
64 53 0
65 31 1
66 54 0
67 55 0
68 47 1
69 56 0
70 49 1
71 57 0
72 51 1
73 58 0
74 59 0
75 60 0
76 61 0
77 62 0
78 53 1
79 21 1
80 63 0
81 64 0
82 65 0
83 55 1
84 66 0
85 67 0
86 68 0
87 69 0
88 70 0
89 57 1
90 33 1
91 35 1
92 71 0
93 72 0
94 73 0
95 74 0
96 59 1
97 61 1
98 75 0
99 76 0
100 77 0
101 63 1
102 78 0
103 79 0
104 65 1
105 80 0
106 67 1
107 81 0
108 82 0
109 83 0
110 84 0
111 85 0
112 85 1
113 69 1
114 86 0
115 87 0
116 88 0
117 89 0
118 90 0
119 91 0
120 92 0
121 93 0
122 94 0
123 95 0
124 71 1
125 96 0
126 73 1
127 97 0
128 98 0
129 99 0
130 100 0
131 101 0
132 102 0
133 103 0
134 104 0
135 105 0
136 106 0
137 97 1
138 99 1
139 107 0
140 10 0
141 75 1
142 108 0
143 109 0
144 110 0
145 111 0
146 112 0
147 101 1
148 113 0
149 114 0
150 115 0
151 116 0
152 103 1
153 117 0
154 118 0
155 93 1
156 119 0
157 77 1
158 120 0
159 79 1
160 121 0
161 122 0
162 123 0
163 81 1
164 124 0
165 125 0
166 126 0
167 127 0
168 128 0
169 129 0
170 83 1
171 130 0
172 131 0
173 132 0
174 133 0
175 105 1
176 134 0
177 135 0
178 87 1
179 136 0
180 137 0
181 138 0
182 139 0
183 140 0
184 141 0
185 142 0
186 143 0
187 144 0
188 145 0
189 146 0
190 147 0
191 121 1
192 148 0
193 149 0
194 150 0
195 151 0
196 152 0
197 153 0
198 1 0
199 2 0
200 5 0
201 6 0
202 3 1
203 154 0
204 155 0
205 156 0
206 157 0
207 158 0
208 159 0
209 160 0
210 161 0
211 162 0
212 11 1
213 163 0
214 164 0
215 165 0
216 89 1
217 91 1
218 166 0
219 167 0
220 157 1
221 168 0
222 164 1
223 166 1
224 169 0
225 170 0
226 162 1
227 171 0
228 168 1
229 172 0
230 173 0
231 170 1
232 174 0
233 175 0
234 176 0
235 177 0
236 95 1
237 178 0
238 179 0
239 180 0
240 174 1
241 181 0
242 182 0
243 172 1
244 183 0
245 184 0
246 185 0
247 186 0
248 187 0
249 176 1
250 188 0
251 189 0
252 190 0
253 191 0
254 192 0
255 193 0
256 194 0
257 178 1
258 195 0
259 196 0
260 197 0
261 198 0
262 199 0
263 200 0
264 201 0
265 202 0
266 180 1
267 182 1
268 203 0
269 204 0
270 205 0
271 206 0
272 207 0
273 208 0
274 210 1
275 209 0
276 210 0
277 211 0
278 212 0
279 213 0
280 214 0
281 215 0
282 216 0
283 190 1
284 217 0
285 192 1
286 218 0
287 194 1
288 219 0
289 220 0
290 184 1
291 221 0
292 222 0
293 223 0
294 186 1
295 224 0
296 188 1
297 225 0
298 226 0
299 227 0
300 228 0
301 212 1
302 229 0
303 230 0
304 231 0
305 232 0
306 233 0
307 196 1
308 234 0
309 198 1
310 235 0
311 230 1
312 220 1
313 222 1
314 236 0
315 237 0
316 238 0
317 239 0
318 240 0
319 241 0
320 242 0
321 228 1
322 243 0
323 244 0
324 245 0
325 246 0
326 247 0
327 248 0
328 249 0
329 234 1
330 236 1
331 250 0
332 251 0
333 200 1
334 252 0
335 253 0
336 254 0
337 255 0
338 202 1
339 256 0
340 257 0
341 204 1
342 258 0
343 259 0
344 260 0
345 261 0
346 262 0
347 206 1
348 263 0
349 264 0
350 265 0
351 208 1
352 214 1
353 266 0
354 216 1
355 267 0
356 268 0
357 269 0
358 270 0
359 271 0
360 272 0
361 273 0
362 246 1
363 274 0
364 248 1
365 275 0
366 250 1
367 252 1
368 276 0
369 218 1
370 277 0
371 278 0
372 279 0
373 280 0
374 281 0
375 224 1
376 282 0
377 283 0
378 284 0
379 285 0
380 286 0
381 226 1
382 287 0
383 232 1
384 288 0
385 238 1
386 240 1
387 242 1
388 244 1
389 289 0
390 290 0
391 254 1
392 291 0
393 292 0
394 293 0
395 294 0
396 295 0
397 296 0
398 297 0
399 298 0
400 299 0
401 300 0
402 301 0
403 256 1
404 302 0
405 303 0
406 304 0
407 303 1
408 305 1
409 307 1
410 309 0
411 307 0
412 305 0
413 309 1
414 306 0
415 308 0
416 311 1
417 310 0
418 313 1
419 315 1
420 317 1
421 319 1
422 311 0
423 312 0
424 313 0
425 314 0
426 315 0
427 321 1
428 316 0
429 317 0
430 318 0
431 319 0
432 323 1
433 320 0
434 321 0
435 322 0
436 325 1
437 323 0
438 324 0
439 325 0
440 327 0
441 326 0
442 327 1
443 328 0
444 329 0
445 329 1
446 330 0
447 331 0
448 332 0
449 333 0
450 334 0
451 335 0
452 333 1
453 335 1
454 336 0
455 337 0
456 338 0
457 339 0
458 340 0
459 341 0
460 342 0
461 343 0
462 331 1
463 337 1
464 344 0
465 345 0
466 346 0
467 339 1
468 341 1
469 347 0
470 348 0
471 349 0
472 350 0
473 351 0
474 352 0
475 353 0
476 343 1
477 354 0
478 347 1
479 355 0
480 356 0
481 357 0
482 345 1
483 349 1
484 358 0
485 359 0
486 360 0
487 361 0
488 351 1
489 362 0
490 363 0
491 364 0
492 365 0
493 361 1
494 366 0
495 367 0
496 353 1
497 355 1
498 368 0
499 369 0
500 370 0
501 357 1
502 371 0
503 372 0
504 373 0
505 359 1
506 374 0
507 375 0
508 376 0
509 377 0
510 378 0
511 379 0
512 365 1
513 363 1
514 380 0
515 381 0
516 382 0
517 383 0
518 384 0
519 385 0
520 386 0
521 387 0
522 388 0
523 389 0
524 390 0
525 391 0
526 367 1
527 392 0
528 393 0
529 394 0
530 395 0
531 396 0
532 385 1
533 397 0
534 398 0
535 387 1
536 399 0
537 400 0
538 401 0
539 402 0
540 403 0
541 391 1
542 404 0
543 405 0
544 393 1
545 406 0
546 369 1
547 407 0
548 408 0
549 409 0
550 410 0
551 411 0
552 412 0
553 413 0
554 414 0
555 371 1
556 373 1
557 415 0
558 416 0
559 417 0
560 418 0
561 419 0
562 420 0
563 375 1
564 421 0
565 422 0
566 423 0
567 403 1
568 424 0
569 425 0
570 423 1
571 425 1
572 426 0
573 427 1
574 427 0
575 428 0
576 416 1
577 377 1
578 429 0
579 430 0
580 431 0
581 432 0
582 433 0
583 434 0
584 435 0
585 436 0
586 397 1
587 437 0
588 438 0
589 439 0
590 440 0
591 379 1
592 441 0
593 442 0
594 395 1
595 443 0
596 399 1
597 444 0
598 381 1
599 383 1
600 445 0
601 446 0
602 447 0
603 389 1
604 107 1
605 448 0
606 449 0
607 450 1
608 450 0
609 452 0
610 451 0
611 453 0
612 452 1
613 454 0
614 455 0
615 456 0
616 457 0
617 458 0
618 459 0
619 454 1
620 460 0
621 461 0
622 462 0
623 463 0
624 464 0
625 465 0
626 464 1
627 466 0
628 467 0
629 468 0
630 466 1
631 469 0
632 468 1
633 470 0
634 462 1
635 471 0
636 472 0
637 458 1
638 473 0
639 460 1
640 474 0
641 475 0
642 476 0
643 477 0
644 478 0
645 474 1
646 479 0
647 480 0
648 481 0
649 482 0
650 483 0
651 484 0
652 485 0
653 486 0
654 487 0
655 488 0
656 489 0
657 490 0
658 491 0
659 492 0
660 472 1
661 493 0
662 456 1
663 494 0
664 495 0
665 496 0
666 497 0
667 498 0
668 496 1
669 498 1
670 499 0
671 500 0
672 501 0
673 502 0
674 503 0
675 476 1
676 504 0
677 505 0
678 506 0
679 507 0
680 508 0
681 509 0
682 510 0
683 470 1
684 511 0
685 512 0
686 513 0
687 514 0
688 515 0
689 516 0
690 517 0
691 518 0
692 519 0
693 520 0
694 521 0
695 522 0
696 523 0
697 524 0
698 492 1
699 525 0
700 526 0
701 527 0
702 528 0
703 529 0
704 510 1
705 512 1
706 530 0
707 531 0
708 478 1
709 504 1
710 480 1
711 482 1
712 532 0
713 533 0
714 534 0
715 535 0
716 484 1
717 536 0
718 537 0
719 538 0
720 539 0
721 540 0
722 541 0
723 542 0
724 543 0
725 522 1
726 524 1
727 544 0
728 545 0
729 546 0
730 547 0
731 548 0
732 549 0
733 550 0
734 486 1
735 488 1
736 551 0
737 514 1
738 552 0
739 553 0
740 554 0
741 555 0
742 518 1
743 520 1
744 556 0
745 557 1
746 557 0
747 558 0
748 559 0
749 560 0
750 561 0
751 562 0
752 563 0
753 564 0
754 565 0
755 566 0
756 533 1
757 535 1
758 567 0
759 568 0
760 569 0
761 570 0
762 490 1
763 571 0
764 572 0
765 494 1
766 500 1
767 573 0
768 574 0
769 575 0
770 576 0
771 577 0
772 578 0
773 502 1
774 579 0
775 506 1
776 580 0
777 508 1
778 581 0
779 582 0
780 583 0
781 584 0
782 585 0
783 577 1
784 579 1
785 586 0
786 587 0
787 573 1
788 588 0
789 589 0
790 590 0
791 591 0
792 592 0
793 593 0
794 594 0
795 516 1
796 595 0
797 596 0
798 597 0
799 598 0
800 575 1
801 526 1
802 599 0
803 600 0
804 601 0
805 602 0
