add 1
mul 1
div 1
add 1
mul 2
div 3
DFG name: random1
Actual Latency 427
0 1 0
1 3 1
2 5 0
3 7 1
4 6 0
5 7 0
6 8 0
7 9 0
8 10 0
9 11 0
10 12 0
11 13 0
12 14 0
13 15 0
14 16 0
15 17 0
16 18 0
17 17 1
18 19 0
19 20 0
20 21 0
21 22 0
22 23 0
23 24 0
24 15 1
25 25 0
26 19 1
27 21 1
28 23 1
29 26 0
30 27 0
31 28 0
32 29 0
33 25 1
34 30 0
35 31 0
36 32 0
37 33 0
38 34 0
39 35 0
40 33 1
41 36 0
42 35 1
43 37 1
44 39 1
45 41 1
46 37 0
47 38 0
48 39 0
49 40 0
50 13 1
51 41 0
52 27 1
53 42 0
54 43 0
55 44 0
56 45 0
57 46 0
58 47 0
59 48 0
60 49 0
61 50 0
62 29 1
63 51 0
64 52 0
65 31 1
66 43 1
67 53 0
68 54 0
69 55 0
70 56 0
71 57 0
72 58 0
73 59 0
74 60 0
75 61 0
76 51 1
77 62 0
78 53 1
79 63 0
80 55 1
81 57 1
82 64 0
83 59 1
84 65 0
85 66 0
86 67 0
87 68 0
88 45 1
89 69 0
90 70 0
91 71 0
92 72 0
93 73 0
94 47 1
95 11 1
96 74 0
97 75 0
98 76 0
99 77 0
100 49 1
101 78 0
102 79 0
103 80 0
104 81 0
105 61 1
106 9 1
107 63 1
108 82 0
109 83 0
110 84 0
111 85 0
112 86 0
113 65 1
114 67 1
115 87 0
116 88 0
117 89 0
118 90 0
119 91 0
120 92 0
121 93 0
122 69 1
123 94 0
124 95 0
125 96 0
126 97 0
127 98 0
128 99 0
129 79 1
130 100 0
131 71 1
132 101 0
133 102 0
134 103 0
135 104 0
136 105 0
137 73 1
138 106 0
139 107 0
140 108 0
141 95 1
142 109 0
143 110 0
144 111 0
145 112 0
146 89 1
147 105 1
148 113 0
149 114 0
150 115 0
151 116 0
152 117 0
153 75 1
154 115 1
155 77 1
156 117 1
157 118 0
158 119 0
159 91 1
160 120 0
161 81 1
162 121 0
163 122 0
164 123 0
165 124 0
166 125 0
167 126 0
168 101 1
169 127 0
170 103 1
171 107 1
172 128 0
173 109 1
174 129 0
175 130 0
176 131 0
177 132 0
178 133 0
179 111 1
180 134 0
181 113 1
182 119 1
183 135 0
184 136 0
185 137 0
186 138 0
187 83 1
188 139 0
189 140 0
190 141 0
191 142 0
192 143 0
193 144 0
194 85 1
195 145 0
196 146 0
197 147 0
198 148 0
199 87 1
200 93 1
201 147 1
202 2 0
203 5 1
204 149 0
205 97 1
206 150 0
207 151 1
208 151 0
209 153 1
210 153 0
211 154 0
212 155 0
213 156 0
214 157 0
215 158 0
216 159 0
217 155 1
218 160 0
219 161 0
220 157 1
221 162 0
222 163 0
223 159 1
224 164 0
225 152 0
226 165 0
227 163 1
228 161 1
229 166 0
230 167 0
231 165 1
232 168 0
233 169 0
234 170 0
235 171 0
236 172 0
237 167 1
238 173 0
239 174 0
240 175 0
241 176 0
242 177 0
243 178 0
244 179 0
245 169 1
246 180 0
247 181 0
248 171 1
249 173 1
250 182 0
251 183 0
252 184 0
253 175 1
254 177 1
255 179 1
256 185 0
257 186 0
258 187 0
259 188 0
260 181 1
261 189 0
262 190 0
263 183 1
264 191 0
265 192 0
266 185 1
267 193 0
268 194 0
269 195 0
270 196 0
271 197 0
272 198 0
273 199 0
274 200 0
275 201 0
276 202 0
277 203 0
278 204 0
279 205 0
280 206 0
281 187 1
282 207 0
283 208 0
284 189 1
285 209 0
286 210 0
287 211 0
288 212 0
289 213 0
290 214 0
291 215 0
292 216 0
293 217 0
294 201 1
295 218 0
296 219 0
297 220 0
298 221 0
299 222 0
300 223 0
301 224 0
302 225 0
303 226 0
304 227 0
305 228 0
306 229 0
307 230 0
308 231 0
309 232 0
310 233 0
311 191 1
312 234 0
313 193 1
314 235 0
315 236 0
316 237 0
317 238 0
318 239 0
319 195 1
320 240 0
321 241 0
322 242 0
323 243 0
324 197 1
325 244 0
326 245 0
327 246 0
328 247 0
329 248 0
330 199 1
331 203 1
332 205 1
333 247 1
334 249 1
335 251 1
336 249 0
337 250 0
338 253 1
339 251 0
340 252 0
341 253 0
342 254 0
343 207 1
344 255 0
345 209 1
346 211 1
347 256 0
348 213 1
349 257 0
350 231 1
351 258 0
352 259 0
353 215 1
354 217 1
355 219 1
356 221 1
357 223 1
358 260 0
359 261 0
360 262 0
361 263 0
362 264 0
363 265 0
364 266 0
365 267 0
366 239 1
367 241 1
368 268 0
369 243 1
370 269 0
371 245 1
372 233 1
373 235 1
374 270 0
375 271 0
376 272 0
377 237 1
378 273 0
379 274 0
380 275 0
381 255 1
382 276 0
383 277 0
384 225 1
385 278 0
386 279 0
387 227 1
388 229 1
389 280 0
390 257 1
391 259 1
392 281 0
393 261 1
394 263 1
395 282 0
396 283 0
397 265 1
398 284 0
399 285 0
400 267 1
401 1 1
402 3 0
403 4 0
404 286 0
405 287 0
406 288 0
407 288 1
408 290 1
409 292 1
410 289 0
411 290 0
412 291 0
413 294 0
414 294 1
415 292 0
416 296 1
417 293 0
418 295 0
419 298 1
420 296 0
421 297 0
422 298 0
423 300 1
424 99 1
425 299 0
426 302 1
427 300 0
428 301 0
429 302 0
430 303 0
431 304 1
432 306 1
433 304 0
434 308 1
435 308 0
436 309 0
437 310 1
438 310 0
439 311 0
440 312 0
441 313 0
442 314 0
443 305 0
444 306 0
445 307 0
446 315 0
447 316 0
448 317 0
449 318 0
450 312 1
451 319 0
452 314 1
453 316 1
454 320 0
455 321 0
456 318 1
457 320 1
458 322 0
459 323 0
460 324 0
461 325 0
462 326 0
463 327 0
464 328 0
465 322 1
466 324 1
467 329 0
468 330 0
469 331 0
470 332 0
471 326 1
472 333 0
473 334 0
474 335 0
475 336 0
476 328 1
477 337 0
478 338 0
479 330 1
480 339 0
481 340 0
482 341 0
483 342 0
484 343 0
485 344 0
486 345 0
487 346 0
488 332 1
489 347 0
490 334 1
491 348 0
492 336 1
493 349 0
494 350 0
495 338 1
496 351 0
497 352 0
498 353 0
499 354 0
500 340 1
501 355 0
502 356 0
503 357 0
504 358 0
505 359 0
506 360 0
507 342 1
508 361 0
509 362 0
510 344 1
511 363 0
512 364 0
513 365 0
514 366 0
515 367 0
516 368 0
517 369 0
518 366 1
519 370 0
520 371 0
521 372 0
522 373 0
523 374 0
524 375 0
525 376 0
526 377 0
527 378 0
528 370 1
529 379 0
530 380 0
531 346 1
532 381 0
533 382 0
534 383 0
535 384 0
536 385 0
537 386 0
538 387 0
539 388 0
540 382 1
541 384 1
542 386 1
543 389 0
544 390 0
545 391 0
546 392 0
547 393 0
548 394 0
549 395 0
550 396 0
551 397 0
552 398 0
553 399 0
554 400 0
555 348 1
556 401 0
557 358 1
558 350 1
559 402 0
560 352 1
561 360 1
562 403 0
563 404 0
564 388 1
565 405 0
566 390 1
567 392 1
568 354 1
569 406 0
570 407 0
571 408 0
572 409 0
573 410 0
574 411 0
575 356 1
576 412 0
577 362 1
578 413 0
579 414 0
580 364 1
581 368 1
582 415 0
583 416 0
584 417 0
585 418 0
586 419 0
587 420 0
588 372 1
589 374 1
590 421 0
591 422 0
592 423 0
593 376 1
594 424 0
595 425 0
596 378 1
597 426 0
598 380 1
599 394 1
600 427 0
